100
162
227
306
457
857
1240
1539
1602
1781
1822
2053
2244
2580
2998
3133
4004
4229
4813
4825
5079
5150
6259
6415
7283
7838
8059
8543
9393
9630
10186
10429
10554
10683
10779
11280
11325
11532
11592
11658
11752
13247
13536
14147
14278
14636
14724
15036
15358
15444
16160
16472
16734
17369
18299
18314
18336
18553
18978
19073
19331
19527
19568
19771
19799
20105
20643
21256
21353
21887
22377
22494
22696
23556
23584
23794
24038
24146
24285
24591
25606
25762
25920
26326
27905
28165
28168
28776
29420
29426
29520
29544
30488
30713
30880
30987
30994
31570
31916
32109
32390
