10000
1
1
9
12
14
17
17
19
23
23
23
26
27
29
29
30
31
36
40
44
46
47
49
52
52
54
57
64
65
68
68
73
76
80
81
84
91
94
95
95
97
103
113
114
115
117
122
123
133
134
141
141
145
150
152
155
155
156
157
165
167
168
175
176
178
179
180
186
189
199
203
205
212
213
218
220
221
223
236
236
238
239
249
254
255
258
261
269
271
276
283
286
287
291
305
305
310
316
317
317
318
325
337
339
340
341
342
351
353
361
363
364
365
365
378
378
381
382
387
389
401
402
406
409
409
414
426
430
431
440
445
447
452
453
457
458
463
468
472
473
475
476
484
488
493
495
501
503
506
512
522
527
533
541
545
546
549
555
556
563
565
569
572
578
578
579
579
581
588
591
606
612
628
629
631
635
636
643
643
650
652
655
657
662
663
664
666
668
673
675
678
678
679
680
681
681
682
683
690
692
694
699
705
713
721
723
723
727
729
731
733
735
736
736
741
744
751
758
774
775
778
786
787
797
798
798
799
802
802
803
803
810
820
821
823
824
827
830
831
831
837
838
839
845
845
851
854
855
857
858
858
859
859
865
869
878
880
882
883
888
888
889
889
891
896
900
901
904
908
908
910
912
915
916
924
931
936
938
939
943
954
954
965
966
968
974
979
980
983
983
983
988
991
995
995
996
1005
1006
1013
1016
1027
1027
1030
1040
1040
1041
1044
1045
1046
1049
1049
1055
1056
1059
1059
1062
1066
1070
1073
1076
1084
1086
1089
1089
1089
1093
1102
1105
1106
1109
1114
1116
1116
1120
1123
1124
1126
1128
1130
1131
1134
1135
1143
1144
1150
1153
1155
1156
1157
1159
1161
1164
1166
1168
1171
1175
1184
1185
1186
1194
1195
1196
1202
1202
1202
1210
1210
1218
1218
1219
1220
1222
1225
1231
1234
1236
1238
1239
1243
1244
1246
1246
1247
1248
1249
1251
1251
1251
1254
1257
1258
1259
1261
1262
1272
1274
1274
1283
1288
1290
1291
1292
1300
1301
1302
1302
1306
1309
1311
1311
1315
1319
1320
1323
1331
1331
1335
1349
1351
1352
1352
1353
1354
1354
1356
1358
1359
1360
1361
1362
1364
1365
1366
1369
1374
1378
1381
1388
1389
1391
1397
1398
1404
1405
1405
1418
1422
1423
1424
1436
1440
1442
1450
1451
1455
1458
1472
1474
1482
1485
1493
1494
1500
1502
1505
1522
1523
1523
1531
1542
1547
1551
1551
1554
1555
1555
1558
1563
1565
1569
1576
1577
1579
1579
1583
1586
1588
1590
1590
1591
1598
1600
1615
1619
1622
1624
1624
1627
1639
1639
1642
1643
1645
1650
1653
1654
1655
1663
1664
1667
1667
1669
1671
1671
1674
1675
1676
1677
1680
1693
1696
1697
1703
1708
1708
1720
1724
1725
1727
1731
1734
1738
1738
1744
1747
1747
1752
1753
1755
1755
1756
1757
1758
1762
1762
1767
1770
1771
1776
1777
1778
1779
1784
1791
1792
1795
1799
1799
1800
1801
1804
1804
1805
1807
1810
1815
1816
1818
1818
1821
1822
1822
1823
1823
1826
1826
1830
1831
1837
1837
1851
1852
1853
1853
1856
1857
1867
1869
1870
1870
1872
1874
1879
1885
1888
1894
1899
1900
1905
1911
1927
1929
1930
1932
1938
1942
1948
1949
1954
1958
1967
1969
1973
1976
1977
1982
1984
1984
1985
1991
1996
1997
2002
2003
2005
2005
2006
2007
2008
2008
2008
2012
2016
2018
2020
2025
2026
2029
2031
2040
2040
2044
2044
2057
2059
2064
2066
2066
2071
2079
2081
2085
2086
2087
2093
2100
2101
2104
2110
2114
2116
2116
2118
2121
2122
2125
2128
2130
2131
2132
2133
2135
2136
2148
2148
2149
2151
2152
2153
2159
2161
2167
2167
2170
2171
2179
2181
2182
2192
2196
2202
2202
2204
2206
2208
2209
2212
2214
2222
2222
2225
2227
2229
2229
2250
2250
2251
2251
2251
2252
2254
2254
2254
2257
2258
2261
2264
2266
2269
2272
2275
2275
2276
2294
2306
2306
2311
2312
2312
2319
2321
2327
2327
2330
2330
2334
2340
2342
2345
2348
2359
2371
2373
2386
2390
2391
2392
2402
2406
2408
2409
2411
2417
2420
2428
2432
2437
2439
2447
2456
2457
2459
2464
2464
2465
2466
2468
2470
2470
2472
2473
2476
2482
2496
2499
2500
2502
2503
2505
2506
2509
2510
2512
2516
2516
2520
2525
2527
2529
2533
2537
2540
2541
2544
2545
2547
2551
2562
2569
2575
2576
2585
2588
2589
2594
2599
2605
2606
2615
2615
2616
2619
2622
2623
2628
2629
2631
2633
2639
2641
2643
2648
2653
2658
2662
2668
2673
2674
2674
2675
2677
2680
2685
2686
2686
2688
2689
2689
2696
2698
2699
2700
2707
2707
2711
2714
2715
2720
2720
2722
2725
2730
2731
2734
2734
2745
2751
2752
2762
2764
2769
2770
2773
2774
2774
2777
2779
2779
2787
2787
2789
2798
2798
2800
2803
2806
2806
2810
2816
2816
2816
2820
2823
2826
2827
2827
2828
2833
2833
2840
2841
2852
2854
2854
2864
2869
2883
2884
2888
2888
2890
2895
2901
2902
2904
2908
2914
2926
2930
2930
2931
2936
2938
2946
2946
2951
2951
2956
2956
2959
2959
2962
2969
2970
2972
2977
2981
2981
2989
2994
2998
2999
3002
3007
3008
3019
3021
3030
3034
3035
3036
3045
3046
3047
3052
3055
3058
3059
3060
3065
3066
3068
3077
3078
3079
3081
3082
3083
3086
3088
3090
3096
3096
3099
3099
3103
3103
3103
3111
3112
3112
3115
3119
3122
3125
3125
3128
3134
3136
3140
3140
3141
3148
3148
3149
3151
3152
3154
3158
3158
3164
3166
3168
3172
3175
3181
3184
3187
3196
3198
3199
3204
3210
3213
3216
3228
3239
3239
3244
3247
3247
3249
3249
3251
3257
3259
3261
3264
3264
3267
3270
3274
3277
3285
3287
3288
3289
3292
3294
3295
3298
3301
3301
3308
3309
3313
3315
3322
3322
3323
3330
3332
3339
3344
3344
3345
3357
3359
3362
3364
3369
3370
3374
3376
3377
3378
3384
3385
3385
3386
3386
3388
3389
3392
3395
3395
3408
3409
3410
3415
3416
3418
3424
3426
3427
3436
3440
3441
3442
3442
3448
3448
3450
3453
3454
3455
3455
3458
3461
3469
3473
3477
3483
3484
3490
3492
3502
3503
3507
3508
3509
3511
3512
3514
3517
3519
3520
3523
3524
3525
3532
3537
3537
3541
3543
3543
3547
3548
3549
3551
3571
3580
3581
3583
3598
3600
3612
3615
3616
3618
3622
3626
3627
3631
3637
3641
3643
3646
3649
3650
3654
3664
3665
3666
3667
3669
3677
3678
3682
3686
3687
3687
3688
3689
3690
3690
3693
3694
3697
3702
3702
3706
3707
3710
3717
3717
3720
3723
3732
3735
3735
3736
3738
3745
3746
3748
3757
3760
3760
3765
3766
3766
3768
3780
3782
3787
3792
3798
3803
3804
3806
3812
3812
3820
3820
3829
3830
3831
3831
3833
3833
3834
3837
3840
3843
3843
3847
3849
3850
3856
3861
3863
3864
3868
3871
3871
3878
3886
3888
3891
3894
3903
3905
3909
3910
3917
3919
3921
3923
3923
3929
3939
3944
3949
3954
3955
3958
3961
3963
3965
3972
3972
3976
3978
3982
3982
3992
3993
3993
3994
3994
3995
3996
4006
4012
4014
4015
4017
4023
4024
4025
4028
4031
4042
4043
4044
4048
4055
4062
4064
4074
4077
4078
4085
4085
4085
4095
4097
4098
4098
4104
4108
4112
4117
4122
4122
4125
4131
4133
4135
4136
4138
4142
4142
4146
4146
4147
4150
4151
4152
4152
4153
4154
4157
4162
4165
4167
4170
4172
4178
4186
4186
4187
4188
4189
4192
4202
4210
4214
4218
4226
4226
4229
4229
4229
4231
4234
4234
4235
4238
4248
4252
4252
4253
4255
4256
4257
4262
4263
4268
4269
4272
4274
4277
4278
4278
4282
4284
4288
4288
4294
4297
4297
4301
4302
4306
4311
4314
4316
4316
4316
4323
4327
4329
4332
4337
4338
4338
4341
4344
4345
4346
4351
4353
4355
4358
4360
4366
4374
4380
4381
4386
4386
4387
4389
4389
4393
4394
4396
4399
4400
4403
4404
4405
4406
4407
4408
4409
4413
4416
4416
4429
4430
4434
4442
4446
4452
4456
4457
4471
4481
4486
4496
4500
4504
4505
4508
4511
4514
4516
4518
4521
4522
4523
4526
4529
4534
4536
4536
4540
4560
4561
4563
4564
4566
4569
4570
4571
4571
4574
4587
4588
4594
4605
4611
4612
4613
4616
4616
4619
4626
4629
4632
4636
4637
4659
4659
4659
4660
4662
4668
4671
4672
4675
4677
4680
4688
4689
4690
4690
4691
4691
4694
4694
4695
4699
4708
4713
4716
4717
4719
4721
4723
4723
4728
4730
4737
4738
4738
4740
4741
4742
4743
4743
4746
4749
4750
4752
4758
4765
4768
4775
4778
4782
4785
4787
4788
4790
4795
4802
4804
4807
4808
4810
4810
4811
4815
4816
4821
4823
4828
4833
4834
4835
4839
4840
4844
4844
4848
4856
4856
4857
4857
4859
4860
4863
4864
4865
4866
4876
4877
4878
4880
4881
4882
4883
4884
4887
4888
4892
4896
4902
4907
4913
4916
4920
4921
4922
4928
4931
4933
4934
4934
4936
4944
4946
4949
4952
4956
4956
4958
4960
4963
4971
4971
4971
4972
4975
4976
4976
4976
4977
4978
4982
4984
4986
4988
4990
4990
5003
5004
5005
5007
5012
5018
5021
5022
5023
5024
5024
5025
5026
5026
5027
5030
5037
5038
5043
5046
5048
5049
5049
5050
5051
5055
5060
5063
5063
5065
5066
5068
5071
5078
5078
5081
5081
5083
5084
5085
5097
5099
5100
5103
5106
5108
5109
5113
5114
5115
5129
5135
5135
5136
5136
5137
5141
5147
5147
5156
5161
5161
5165
5166
5174
5179
5196
5196
5205
5205
5207
5209
5210
5216
5218
5224
5227
5227
5230
5237
5239
5242
5254
5255
5260
5261
5262
5264
5267
5268
5272
5272
5272
5275
5282
5297
5297
5299
5308
5311
5311
5312
5317
5318
5323
5330
5332
5337
5340
5340
5342
5352
5354
5354
5355
5358
5359
5366
5366
5369
5370
5371
5376
5378
5378
5385
5396
5397
5399
5401
5413
5413
5415
5422
5423
5426
5445
5446
5447
5449
5453
5456
5458
5465
5473
5482
5483
5483
5483
5493
5495
5496
5498
5500
5504
5507
5511
5512
5512
5515
5522
5523
5525
5529
5530
5530
5533
5537
5543
5546
5547
5553
5553
5554
5554
5555
5557
5561
5562
5565
5565
5579
5580
5580
5582
5586
5587
5587
5593
5593
5593
5599
5605
5613
5615
5620
5621
5623
5629
5630
5633
5633
5635
5635
5637
5637
5639
5646
5647
5647
5649
5652
5656
5663
5668
5669
5671
5671
5673
5674
5676
5680
5691
5691
5695
5696
5714
5714
5718
5720
5721
5723
5724
5724
5729
5731
5733
5743
5747
5751
5757
5759
5760
5761
5763
5765
5766
5767
5768
5771
5772
5774
5774
5776
5782
5789
5790
5792
5795
5796
5797
5797
5798
5802
5804
5807
5808
5811
5814
5815
5815
5823
5826
5827
5829
5833
5845
5849
5850
5851
5857
5858
5872
5873
5873
5877
5880
5885
5895
5900
5904
5905
5913
5916
5917
5917
5928
5932
5933
5935
5937
5947
5955
5955
5957
5961
5967
5973
5975
5979
5979
5981
5987
5998
6003
6007
6007
6007
6007
6007
6010
6011
6016
6018
6023
6024
6027
6040
6059
6060
6070
6074
6077
6081
6086
6097
6097
6099
6099
6100
6102
6110
6112
6113
6114
6115
6120
6121
6124
6126
6126
6126
6132
6136
6137
6140
6142
6142
6149
6164
6165
6167
6172
6173
6175
6177
6178
6182
6192
6198
6202
6225
6227
6233
6233
6236
6237
6238
6243
6245
6245
6247
6252
6257
6262
6269
6270
6270
6271
6272
6285
6286
6287
6287
6291
6291
6306
6308
6309
6318
6319
6319
6321
6323
6327
6331
6351
6353
6356
6358
6363
6370
6383
6384
6384
6386
6387
6390
6392
6397
6398
6398
6402
6403
6408
6409
6411
6414
6420
6424
6425
6430
6433
6435
6435
6437
6439
6443
6446
6453
6455
6457
6457
6458
6469
6473
6482
6486
6487
6488
6493
6495
6499
6499
6503
6506
6512
6514
6519
6521
6530
6534
6537
6538
6544
6548
6549
6550
6560
6561
6561
6562
6565
6565
6565
6571
6571
6571
6573
6577
6579
6581
6585
6586
6588
6595
6600
6602
6608
6610
6611
6611
6614
6616
6616
6618
6619
6627
6636
6647
6648
6648
6650
6664
6673
6676
6690
6693
6694
6702
6704
6708
6708
6710
6713
6716
6719
6727
6727
6732
6733
6738
6741
6743
6752
6753
6760
6761
6762
6765
6770
6771
6772
6778
6788
6788
6791
6798
6798
6799
6805
6815
6817
6818
6822
6837
6839
6840
6841
6845
6846
6847
6847
6853
6854
6859
6867
6871
6872
6880
6881
6882
6882
6885
6886
6889
6895
6903
6904
6906
6908
6910
6914
6915
6917
6921
6921
6925
6925
6925
6933
6943
6945
6950
6961
6968
6988
6995
7007
7010
7011
7011
7012
7023
7023
7026
7026
7039
7040
7045
7050
7052
7054
7055
7058
7058
7064
7075
7076
7078
7079
7083
7086
7088
7096
7101
7106
7108
7109
7110
7113
7117
7123
7126
7127
7127
7132
7136
7139
7146
7147
7147
7148
7155
7166
7174
7184
7193
7197
7208
7217
7228
7235
7235
7235
7235
7242
7251
7252
7260
7260
7263
7269
7272
7273
7280
7280
7282
7285
7288
7288
7293
7293
7300
7305
7310
7317
7321
7332
7337
7342
7359
7362
7364
7367
7368
7372
7373
7377
7380
7381
7385
7386
7387
7388
7389
7392
7396
7414
7431
7439
7441
7443
7445
7447
7449
7452
7454
7457
7462
7468
7468
7468
7478
7482
7485
7488
7489
7489
7492
7493
7496
7500
7503
7504
7505
7507
7510
7518
7528
7528
7529
7534
7537
7542
7544
7547
7550
7550
7553
7555
7557
7561
7562
7570
7572
7579
7581
7581
7583
7591
7594
7595
7602
7609
7618
7622
7625
7629
7633
7634
7640
7645
7649
7657
7658
7669
7672
7675
7676
7683
7685
7686
7686
7689
7698
7700
7700
7708
7714
7715
7720
7728
7737
7738
7740
7742
7743
7747
7750
7750
7751
7752
7754
7764
7767
7770
7771
7787
7792
7795
7802
7810
7815
7815
7817
7818
7819
7822
7825
7826
7831
7832
7835
7837
7838
7852
7856
7857
7858
7860
7861
7862
7864
7866
7869
7871
7878
7880
7884
7884
7885
7892
7894
7897
7902
7906
7909
7910
7917
7920
7924
7924
7926
7926
7927
7928
7930
7936
7940
7943
7948
7949
7951
7954
7954
7955
7956
7963
7964
7966
7967
7978
7983
7985
7985
7986
7986
7986
7987
7987
7989
7989
7990
7993
7995
8000
8014
8015
8015
8016
8017
8017
8021
8024
8028
8031
8036
8038
8044
8059
8060
8063
8067
8067
8078
8079
8080
8086
8090
8092
8096
8098
8102
8103
8110
8111
8118
8119
8120
8127
8135
8136
8143
8143
8144
8148
8149
8154
8157
8158
8163
8171
8172
8173
8174
8181
8182
8185
8185
8186
8186
8187
8187
8190
8191
8192
8195
8196
8197
8202
8203
8209
8213
8215
8217
8226
8238
8247
8249
8252
8255
8255
8256
8256
8262
8263
8268
8272
8274
8276
8276
8277
8280
8280
8281
8282
8290
8303
8306
8307
8307
8308
8310
8315
8321
8323
8323
8324
8326
8327
8329
8331
8335
8335
8337
8339
8339
8340
8346
8347
8348
8351
8353
8354
8356
8364
8367
8367
8372
8381
8396
8404
8411
8411
8411
8412
8413
8414
8420
8422
8424
8425
8431
8433
8433
8436
8438
8440
8450
8453
8455
8458
8461
8465
8467
8469
8469
8471
8474
8478
8479
8479
8480
8480
8480
8483
8484
8487
8491
8493
8494
8495
8496
8499
8508
8508
8516
8525
8525
8529
8532
8534
8539
8546
8556
8557
8560
8563
8564
8581
8581
8581
8583
8587
8587
8587
8587
8587
8589
8589
8591
8596
8597
8607
8621
8631
8636
8646
8648
8649
8650
8655
8655
8659
8659
8659
8662
8663
8664
8665
8671
8672
8678
8679
8682
8691
8700
8706
8711
8712
8713
8718
8726
8727
8728
8729
8731
8736
8743
8745
8747
8747
8751
8755
8756
8769
8772
8777
8778
8780
8780
8781
8785
8788
8790
8809
8812
8813
8816
8817
8817
8827
8830
8832
8842
8843
8849
8853
8853
8854
8864
8864
8865
8869
8869
8880
8888
8901
8910
8913
8914
8917
8925
8930
8932
8934
8942
8946
8948
8950
8956
8957
8963
8964
8964
8974
8977
8979
8983
8986
8990
8992
9011
9013
9014
9014
9021
9025
9025
9027
9028
9033
9036
9039
9047
9050
9052
9053
9056
9066
9068
9075
9087
9091
9099
9099
9102
9107
9117
9118
9120
9120
9123
9124
9128
9131
9132
9132
9134
9135
9140
9141
9143
9144
9145
9149
9155
9158
9159
9162
9165
9171
9173
9174
9184
9185
9187
9188
9192
9192
9198
9198
9204
9212
9216
9216
9218
9220
9220
9222
9227
9233
9235
9235
9243
9251
9253
9260
9268
9270
9273
9279
9282
9283
9293
9294
9303
9306
9314
9320
9321
9324
9325
9330
9335
9337
9338
9341
9342
9344
9348
9350
9354
9354
9354
9354
9357
9358
9359
9359
9367
9368
9372
9376
9376
9378
9380
9391
9401
9404
9405
9407
9413
9419
9420
9427
9428
9434
9434
9435
9436
9438
9449
9450
9450
9453
9457
9460
9461
9462
9462
9466
9466
9469
9474
9474
9475
9475
9477
9497
9498
9504
9507
9508
9509
9512
9515
9517
9521
9522
9523
9526
9530
9531
9531
9537
9553
9558
9560
9561
9561
9579
9581
9594
9597
9601
9605
9605
9605
9610
9613
9621
9621
9622
9624
9628
9633
9635
9638
9643
9648
9652
9653
9655
9656
9657
9657
9659
9661
9668
9669
9671
9671
9672
9675
9676
9685
9686
9689
9691
9691
9692
9693
9697
9706
9717
9719
9723
9725
9727
9728
9728
9732
9735
9737
9743
9747
9749
9751
9752
9757
9764
9764
9765
9771
9773
9774
9782
9782
9783
9785
9787
9791
9791
9797
9798
9798
9800
9802
9804
9806
9808
9808
9815
9816
9818
9822
9823
9823
9828
9841
9841
9841
9842
9849
9851
9854
9857
9860
9864
9867
9875
9875
9876
9883
9884
9885
9886
9890
9890
9890
9895
9897
9899
9906
9909
9921
9925
9926
9926
9927
9932
9935
9936
9938
9939
9951
9960
9963
9973
9974
9974
9981
9983
9983
9987
9996
9999
10005
10008
10011
10022
10027
10027
10040
10041
10041
10043
10047
10049
10049
10050
10051
10051
10052
10052
10053
10054
10057
10060
10060
10063
10065
10066
10071
10073
10074
10076
10077
10079
10081
10091
10094
10097
10098
10110
10119
10121
10124
10127
10130
10139
10147
10148
10151
10153
10156
10162
10166
10170
10176
10177
10178
10180
10181
10181
10182
10186
10190
10190
10190
10198
10199
10209
10225
10227
10230
10231
10237
10240
10240
10243
10250
10255
10257
10260
10268
10271
10272
10273
10275
10278
10283
10287
10288
10289
10290
10290
10294
10294
10298
10303
10304
10306
10308
10311
10317
10318
10327
10327
10330
10333
10344
10348
10354
10364
10369
10371
10377
10387
10388
10397
10407
10409
10410
10412
10412
10417
10417
10418
10422
10424
10425
10438
10439
10442
10444
10445
10446
10447
10451
10453
10455
10461
10463
10470
10470
10471
10471
10471
10481
10485
10489
10492
10493
10494
10512
10520
10536
10542
10546
10555
10558
10561
10562
10564
10571
10571
10571
10571
10577
10582
10583
10591
10597
10597
10600
10602
10605
10612
10613
10622
10628
10630
10634
10634
10636
10638
10639
10642
10646
10647
10648
10654
10656
10673
10681
10682
10693
10702
10708
10708
10709
10709
10713
10714
10717
10718
10719
10725
10730
10730
10731
10731
10733
10735
10736
10740
10741
10741
10743
10747
10748
10749
10757
10759
10764
10767
10767
10770
10770
10771
10773
10775
10778
10781
10781
10790
10791
10794
10798
10798
10807
10812
10813
10813
10814
10815
10824
10829
10830
10834
10835
10836
10838
10845
10847
10847
10851
10857
10862
10865
10868
10869
10878
10882
10883
10884
10888
10891
10895
10900
10905
10908
10911
10912
10917
10928
10928
10929
10930
10930
10932
10940
10941
10942
10942
10952
10952
10953
10960
10961
10961
10962
10962
10969
10971
10977
10980
10982
10996
10998
10998
11000
11003
11005
11006
11011
11013
11017
11019
11021
11024
11028
11033
11036
11043
11051
11051
11053
11054
11055
11055
11057
11069
11069
11071
11076
11081
11081
11081
11085
11086
11089
11095
11095
11099
11102
11103
11103
11104
11106
11109
11111
11114
11117
11118
11119
11121
11121
11122
11124
11126
11136
11138
11138
11138
11139
11140
11144
11146
11147
11149
11155
11156
11158
11161
11163
11165
11168
11179
11186
11186
11189
11190
11203
11203
11206
11209
11218
11219
11226
11227
11233
11234
11238
11238
11240
11244
11244
11249
11250
11252
11255
11255
11257
11257
11259
11264
11265
11268
11270
11271
11276
11276
11278
11290
11293
11296
11297
11302
11304
11313
11321
11322
11327
11330
11338
11343
11346
11349
11362
11363
11365
11366
11367
11373
11378
11382
11383
11387
11388
11389
11398
11408
11409
11410
11411
11413
11414
11419
11419
11421
11425
11427
11429
11433
11435
11436
11437
11452
11454
11461
11472
11473
11474
11484
11487
11495
11499
11499
11500
11501
11504
11504
11506
11506
11513
11514
11520
11520
11525
11527
11530
11531
11533
11534
11536
11538
11538
11539
11541
11541
11548
11549
11555
11557
11561
11565
11566
11567
11571
11580
11580
11582
11586
11593
11598
11599
11600
11605
11606
11609
11613
11616
11617
11623
11628
11629
11637
11639
11641
11645
11648
11649
11657
11658
11660
11667
11669
11671
11671
11672
11673
11674
11674
11675
11685
11689
11691
11695
11696
11697
11699
11713
11715
11717
11717
11720
11724
11725
11728
11730
11732
11737
11742
11744
11746
11752
11756
11762
11762
11763
11771
11782
11797
11800
11801
11801
11801
11804
11809
11823
11827
11831
11832
11836
11838
11841
11843
11843
11850
11851
11855
11868
11869
11871
11871
11872
11875
11879
11879
11880
11887
11894
11905
11906
11912
11926
11927
11927
11928
11929
11931
11940
11944
11945
11946
11947
11953
11958
11961
11961
11962
11970
11971
11971
11971
11979
11982
11986
11988
11995
11999
12002
12005
12006
12007
12008
12012
12012
12012
12022
12031
12034
12041
12046
12047
12050
12053
12054
12058
12063
12064
12069
12073
12074
12081
12086
12092
12092
12099
12107
12111
12126
12127
12127
12129
12132
12138
12141
12143
12143
12145
12150
12151
12153
12158
12159
12160
12161
12165
12167
12170
12170
12173
12177
12179
12189
12193
12199
12199
12202
12205
12207
12209
12211
12213
12213
12222
12223
12228
12232
12232
12233
12234
12237
12237
12238
12240
12242
12244
12244
12244
12246
12249
12251
12256
12258
12262
12264
12276
12281
12285
12289
12289
12293
12293
12307
12308
12310
12311
12316
12318
12319
12320
12322
12325
12331
12331
12336
12336
12341
12343
12348
12349
12350
12354
12361
12361
12362
12362
12364
12365
12369
12370
12372
12373
12381
12386
12386
12388
12390
12394
12395
12398
12406
12408
12408
12410
12411
12411
12412
12412
12413
12417
12419
12422
12423
12425
12426
12430
12437
12446
12447
12447
12450
12450
12455
12460
12461
12464
12465
12466
12468
12468
12468
12469
12474
12475
12475
12481
12482
12484
12489
12489
12490
12491
12492
12502
12502
12503
12507
12508
12508
12511
12514
12516
12521
12526
12527
12534
12538
12544
12545
12549
12549
12550
12551
12553
12554
12555
12555
12558
12576
12579
12582
12586
12588
12589
12591
12591
12594
12596
12603
12604
12605
12614
12620
12620
12622
12637
12648
12648
12648
12649
12658
12659
12663
12668
12671
12672
12673
12675
12690
12693
12696
12704
12708
12709
12709
12710
12712
12713
12716
12717
12718
12723
12736
12742
12746
12746
12747
12756
12756
12760
12763
12767
12767
12768
12769
12769
12772
12775
12783
12791
12800
12803
12804
12815
12820
12821
12825
12832
12834
12839
12841
12852
12853
12854
12855
12860
12863
12870
12871
12878
12882
12889
12889
12890
12890
12891
12894
12899
12899
12905
12907
12909
12910
12913
12918
12919
12921
12923
12930
12938
12942
12946
12947
12948
12948
12949
12966
12969
12969
12970
12972
12974
12976
12980
12985
12985
12988
12988
12991
12999
13009
13012
13014
13017
13025
13028
13032
13033
13036
13036
13041
13044
13044
13045
13045
13046
13067
13068
13072
13072
13074
13075
13089
13093
13095
13101
13102
13104
13107
13112
13120
13127
13129
13133
13134
13137
13138
13148
13150
13151
13153
13153
13163
13165
13167
13167
13168
13170
13170
13176
13181
13201
13202
13203
13212
13213
13216
13216
13224
13227
13228
13235
13236
13243
13244
13250
13256
13258
13259
13261
13261
13264
13270
13274
13277
13277
13279
13281
13286
13287
13293
13297
13297
13298
13305
13307
13313
13319
13320
13327
13334
13335
13338
13342
13346
13351
13355
13364
13365
13366
13366
13369
13373
13374
13375
13379
13381
13382
13385
13386
13389
13396
13396
13399
13399
13402
13403
13406
13407
13412
13415
13426
13428
13432
13433
13442
13451
13456
13463
13465
13465
13469
13470
13471
13473
13474
13475
13488
13489
13498
13498
13499
13504
13505
13506
13507
13509
13512
13515
13517
13517
13523
13526
13529
13531
13532
13536
13538
13540
13541
13545
13548
13549
13549
13556
13562
13568
13573
13574
13575
13577
13579
13580
13597
13597
13598
13598
13607
13608
13608
13608
13611
13613
13615
13616
13619
13620
13622
13622
13623
13632
13640
13645
13650
13654
13654
13655
13655
13657
13658
13663
13666
13677
13677
13681
13685
13686
13687
13695
13700
13701
13703
13705
13708
13711
13712
13718
13718
13723
13730
13734
13745
13752
13754
13754
13755
13761
13761
13766
13767
13768
13778
13779
13779
13784
13785
13787
13794
13798
13800
13804
13805
13805
13813
13819
13820
13820
13825
13827
13828
13830
13833
13833
13846
13848
13855
13861
13867
13868
13869
13887
13889
13890
13892
13892
13893
13901
13901
13902
13915
13920
13921
13932
13936
13946
13947
13948
13949
13951
13954
13956
13957
13958
13960
13962
13962
13971
13974
13974
13976
13978
13984
13984
13988
13988
13989
13992
13993
13998
13999
14002
14004
14005
14006
14009
14011
14015
14020
14028
14030
14033
14034
14040
14045
14049
14050
14052
14058
14059
14064
14067
14071
14072
14078
14078
14089
14089
14091
14093
14094
14102
14105
14107
14109
14109
14110
14114
14114
14115
14116
14116
14125
14131
14140
14141
14141
14143
14144
14145
14148
14149
14167
14170
14170
14173
14182
14186
14189
14192
14193
14195
14196
14199
14202
14205
14206
14207
14216
14216
14218
14221
14221
14222
14223
14230
14230
14231
14235
14239
14240
14246
14246
14254
14254
14255
14259
14261
14270
14274
14275
14278
14279
14280
14282
14286
14286
14287
14292
14294
14295
14297
14298
14300
14304
14304
14304
14304
14305
14308
14308
14313
14323
14323
14325
14326
14326
14327
14328
14336
14348
14350
14358
14359
14361
14362
14363
14366
14375
14383
14384
14385
14390
14393
14393
14393
14403
14407
14408
14409
14410
14414
14422
14424
14440
14440
14443
14449
14449
14449
14451
14457
14458
14463
14464
14467
14467
14477
14480
14482
14483
14491
14498
14500
14503
14505
14508
14510
14512
14514
14517
14517
14519
14534
14534
14538
14539
14540
14543
14543
14547
14547
14548
14551
14554
14554
14555
14560
14570
14572
14575
14590
14593
14597
14600
14601
14605
14608
14613
14624
14632
14632
14636
14642
14654
14658
14658
14658
14664
14666
14668
14672
14683
14684
14688
14689
14689
14690
14692
14698
14700
14703
14705
14707
14714
14722
14727
14729
14731
14732
14737
14737
14739
14740
14743
14744
14745
14746
14753
14755
14757
14759
14762
14763
14763
14775
14777
14778
14780
14788
14789
14794
14797
14804
14805
14805
14809
14812
14813
14816
14819
14819
14822
14828
14835
14839
14842
14845
14854
14855
14855
14863
14870
14873
14873
14880
14885
14888
14891
14891
14893
14899
14900
14905
14909
14911
14915
14916
14916
14916
14917
14918
14919
14919
14919
14921
14922
14922
14928
14930
14932
14932
14937
14940
14944
14944
14947
14947
14949
14958
14965
14969
14974
14974
14976
14981
14983
14983
14993
14999
15000
15001
15004
15005
15006
15007
15017
15019
15022
15023
15025
15026
15029
15033
15040
15041
15044
15048
15050
15052
15055
15056
15056
15059
15059
15063
15063
15074
15075
15075
15080
15084
15088
15089
15092
15095
15096
15102
15102
15104
15107
15110
15112
15116
15117
15118
15124
15127
15129
15131
15133
15134
15135
15138
15141
15150
15155
15158
15160
15164
15167
15171
15176
15183
15188
15190
15191
15193
15195
15195
15197
15202
15204
15206
15209
15215
15216
15223
15228
15230
15234
15234
15239
15242
15246
15249
15253
15253
15260
15262
15266
15268
15268
15268
15269
15270
15284
15285
15289
15292
15293
15294
15296
15298
15300
15303
15312
15318
15323
15325
15326
15327
15328
15331
15331
15340
15342
15347
15348
15350
15351
15352
15354
15357
15361
15362
15363
15365
15370
15371
15371
15377
15386
15386
15391
15392
15394
15395
15399
15404
15408
15410
15411
15413
15415
15415
15416
15418
15420
15422
15424
15426
15430
15435
15442
15445
15452
15454
15454
15455
15455
15456
15456
15459
15459
15470
15478
15485
15486
15488
15490
15494
15494
15494
15495
15501
15501
15502
15502
15505
15506
15510
15511
15512
15514
15514
15516
15520
15523
15524
15541
15544
15545
15546
15547
15549
15552
15564
15565
15567
15569
15573
15575
15575
15576
15581
15585
15589
15590
15594
15595
15596
15598
15599
15600
15608
15609
15612
15612
15618
15619
15623
15626
15627
15629
15631
15634
15635
15639
15640
15640
15643
15643
15653
15656
15661
15668
15670
15670
15675
15677
15684
15684
15684
15685
15686
15693
15696
15697
15703
15704
15704
15708
15712
15714
15721
15727
15730
15735
15736
15739
15739
15741
15742
15742
15745
15745
15746
15746
15749
15761
15763
15775
15777
15780
15783
15787
15787
15787
15789
15790
15796
15796
15798
15800
15801
15802
15803
15807
15811
15816
15820
15820
15823
15825
15832
15838
15842
15842
15843
15846
15858
15858
15867
15874
15875
15880
15880
15882
15882
15885
15886
15886
15890
15893
15894
15894
15895
15896
15896
15900
15901
15901
15905
15913
15916
15916
15917
15919
15924
15933
15934
15935
15938
15944
15946
15950
15950
15954
15958
15965
15969
15970
15970
15972
15972
15977
15978
15979
15980
15981
15983
15987
15988
15988
15992
15995
15997
16001
16001
16002
16008
16008
16009
16009
16013
16013
16017
16020
16022
16025
16027
16029
16029
16029
16030
16030
16034
16036
16043
16045
16045
16047
16052
16059
16066
16074
16075
16078
16080
16084
16085
16088
16090
16092
16100
16101
16112
16117
16118
16121
16127
16128
16130
16131
16136
16140
16143
16143
16149
16151
16151
16161
16166
16174
16177
16179
16180
16183
16185
16185
16186
16187
16188
16189
16190
16201
16216
16221
16222
16223
16224
16224
16227
16234
16244
16244
16247
16249
16249
16264
16264
16266
16272
16274
16278
16279
16284
16292
16294
16295
16300
16311
16316
16318
16319
16327
16330
16330
16332
16340
16346
16350
16353
16356
16359
16361
16362
16364
16367
16367
16371
16373
16376
16376
16380
16383
16384
16387
16387
16391
16392
16396
16397
16400
16403
16403
16403
16405
16411
16413
16413
16414
16416
16417
16419
16428
16430
16431
16431
16431
16431
16432
16433
16436
16444
16450
16452
16454
16455
16457
16466
16473
16474
16475
16485
16487
16496
16497
16500
16501
16516
16517
16519
16521
16524
16525
16526
16528
16529
16530
16531
16532
16533
16536
16541
16542
16543
16547
16553
16559
16566
16566
16567
16568
16578
16581
16592
16597
16599
16600
16604
16605
16609
16610
16610
16611
16618
16621
16627
16627
16628
16629
16630
16636
16636
16641
16642
16646
16648
16648
16652
16653
16658
16658
16659
16663
16665
16672
16674
16680
16682
16683
16684
16685
16694
16695
16697
16701
16707
16712
16715
16719
16719
16719
16725
16727
16728
16729
16730
16734
16735
16736
16741
16741
16753
16759
16762
16767
16771
16771
16772
16774
16774
16774
16781
16781
16781
16789
16790
16791
16793
16805
16807
16814
16814
16815
16815
16816
16827
16827
16836
16838
16840
16848
16852
16854
16865
16871
16876
16878
16879
16881
16887
16892
16893
16894
16899
16900
16905
16910
16914
16917
16918
16920
16923
16925
16926
16928
16933
16939
16944
16945
16951
16952
16957
16959
16963
16966
16966
16973
16973
16978
16980
16981
16985
16991
17001
17013
17016
17021
17023
17025
17048
17052
17053
17058
17063
17064
17066
17067
17075
17075
17078
17085
17086
17086
17089
17090
17091
17093
17096
17101
17101
17113
17114
17114
17115
17126
17127
17128
17134
17135
17145
17146
17147
17159
17161
17168
17172
17175
17180
17187
17190
17190
17192
17196
17197
17200
17203
17209
17213
17214
17218
17219
17226
17226
17232
17233
17241
17242
17266
17267
17274
17280
17282
17282
17298
17300
17303
17304
17305
17305
17319
17323
17324
17330
17332
17332
17333
17338
17340
17344
17346
17351
17353
17353
17354
17355
17357
17358
17358
17366
17378
17378
17383
17383
17387
17388
17390
17392
17396
17397
17398
17401
17404
17405
17417
17418
17419
17420
17431
17433
17433
17434
17436
17441
17446
17448
17448
17453
17454
17458
17463
17471
17471
17475
17484
17485
17486
17487
17489
17491
17503
17505
17506
17507
17510
17513
17520
17524
17525
17531
17532
17547
17548
17550
17551
17552
17554
17557
17558
17558
17558
17560
17561
17565
17566
17570
17575
17579
17587
17588
17591
17592
17595
17595
17596
17598
17600
17601
17607
17609
17610
17611
17613
17613
17618
17619
17620
17623
17630
17634
17639
17641
17642
17646
17649
17652
17653
17664
17671
17673
17673
17679
17681
17683
17688
17688
17697
17698
17702
17703
17703
17715
17718
17719
17720
17723
17724
17727
17729
17729
17731
17733
17736
17739
17740
17743
17751
17753
17753
17755
17760
17761
17762
17773
17774
17778
17783
17785
17786
17787
17792
17794
17797
17797
17801
17803
17805
17811
17817
17818
17818
17821
17823
17831
17831
17854
17858
17858
17858
17864
17865
17867
17868
17874
17875
17879
17881
17892
17896
17899
17903
17909
17911
17915
17918
17918
17919
17921
17927
17933
17937
17938
17942
17943
17950
17950
17954
17957
17958
17958
17959
17960
17964
17966
17966
17970
17973
17973
17974
17975
17979
17988
17988
17995
17999
18002
18005
18009
18011
18012
18013
18015
18016
18017
18017
18018
18020
18027
18030
18031
18034
18039
18043
18044
18045
18046
18051
18053
18055
18056
18058
18061
18062
18065
18066
18070
18071
18075
18077
18080
18080
18083
18085
18092
18094
18099
18102
18102
18108
18108
18108
18109
18119
18120
18126
18132
18135
18135
18139
18142
18146
18148
18149
18154
18155
18160
18160
18161
18171
18173
18175
18176
18178
18178
18184
18187
18199
18201
18204
18223
18235
18237
18239
18247
18249
18249
18250
18255
18255
18256
18258
18258
18260
18264
18265
18271
18272
18274
18279
18281
18282
18286
18291
18294
18299
18306
18306
18310
18311
18312
18323
18323
18324
18325
18331
18331
18335
18335
18336
18337
18339
18341
18346
18349
18350
18350
18351
18351
18355
18355
18362
18363
18367
18369
18371
18373
18374
18375
18380
18381
18387
18389
18394
18396
18398
18398
18401
18401
18405
18405
18405
18410
18417
18425
18426
18426
18429
18429
18438
18440
18449
18449
18449
18461
18463
18463
18468
18471
18473
18477
18487
18489
18491
18493
18495
18501
18511
18517
18524
18524
18526
18527
18529
18532
18539
18542
18548
18550
18555
18558
18559
18559
18561
18564
18567
18568
18572
18572
18573
18574
18575
18576
18587
18592
18592
18599
18602
18607
18617
18617
18619
18619
18621
18621
18626
18626
18627
18630
18630
18632
18640
18641
18642
18644
18646
18648
18648
18651
18652
18666
18669
18671
18672
18677
18683
18687
18691
18692
18701
18701
18703
18705
18707
18709
18710
18713
18714
18715
18716
18719
18725
18726
18729
18729
18730
18733
18741
18744
18748
18748
18752
18759
18764
18765
18769
18770
18774
18774
18781
18782
18782
18782
18789
18793
18797
18800
18801
18815
18815
18823
18825
18832
18837
18838
18838
18848
18853
18854
18856
18869
18878
18882
18883
18886
18887
18894
18898
18901
18902
18904
18906
18909
18909
18913
18918
18920
18921
18927
18928
18929
18929
18948
18955
18959
18959
18968
18969
18971
18973
18973
18973
18979
18986
18987
18988
18990
18994
18995
18998
18998
19000
19001
19001
19002
19004
19007
19012
19018
19024
19025
19032
19032
19044
19046
19051
19053
19053
19055
19059
19061
19063
19067
19068
19071
19074
19079
19079
19082
19083
19087
19088
19089
19090
19091
19102
19102
19103
19110
19115
19119
19120
19121
19121
19125
19129
19132
19134
19135
19137
19137
19146
19148
19149
19150
19155
19158
19159
19162
19163
19164
19169
19174
19175
19180
19182
19184
19188
19191
19191
19196
19200
19206
19218
19221
19223
19226
19231
19235
19238
19241
19244
19253
19259
19259
19267
19281
19282
19282
19283
19283
19284
19285
19288
19288
19293
19296
19307
19308
19310
19311
19311
19313
19314
19315
19315
19315
19318
19320
19320
19329
19329
19330
19345
19346
19347
19353
19353
19355
19358
19366
19372
19374
19375
19376
19378
19383
19384
19385
19390
19406
19407
19411
19412
19413
19413
19413
19416
19417
19421
19426
19430
19430
19431
19431
19433
19435
19436
19436
19438
19448
19448
19457
19462
19465
19465
19467
19471
19475
19483
19489
19508
19512
19513
19517
19521
19526
19528
19536
19540
19542
19544
19546
19547
19549
19552
19555
19558
19559
19563
19567
19571
19579
19587
19594
19595
19595
19604
19607
19619
19631
19644
19645
19645
19645
19647
19648
19649
19649
19649
19651
19654
19656
19665
19668
19669
19671
19683
19685
19689
19689
19690
19702
19714
19714
19715
19716
19721
19722
19725
19731
19732
19733
19735
19738
19742
19744
19751
19751
19752
19753
19760
19763
19764
19766
19774
19774
19778
19784
19785
19797
19799
19800
19802
19803
19805
19810
19812
19826
19826
19828
19833
19838
19839
19844
19848
19850
19851
19851
19853
19855
19862
19865
19866
19869
19869
19871
19872
19878
19881
19882
19883
19886
19887
19890
19893
19895
19907
19908
19909
19911
19912
19929
19931
19931
19943
19945
19950
19951
19954
19959
19968
19972
19976
19979
19982
19983
19984
19984
19986
19986
19987
19989
19993
19998
19999
20000
20001
20003
20005
20006
20006
20007
20011
20013
20018
20022
20024
20029
20030
20032
20034
20035
20036
20036
20045
20051
20054
20055
20064
20068
20073
20074
20077
20077
20097
20100
20104
20107
20112
20115
20115
20118
20120
20122
20126
20128
20141
20143
20153
20154
20157
20159
20162
20167
20168
20176
20184
20185
20188
20194
20199
20201
20203
20214
20220
20234
20234
20236
20237
20241
20241
20253
20256
20260
20262
20264
20268
20268
20272
20273
20273
20279
20282
20287
20287
20289
20300
20300
20301
20304
20307
20307
20316
20317
20322
20328
20338
20346
20348
20355
20355
20356
20358
20361
20363
20365
20369
20377
20379
20384
20388
20388
20389
20391
20392
20396
20409
20411
20418
20418
20418
20420
20421
20429
20431
20436
20441
20447
20452
20458
20462
20463
20464
20468
20468
20480
20483
20485
20487
20489
20492
20494
20495
20499
20500
20502
20511
20512
20516
20518
20520
20521
20526
20530
20543
20544
20545
20547
20553
20557
20558
20559
20561
20562
20570
20572
20574
20576
20577
20580
20582
20588
20592
20596
20597
20598
20600
20608
20609
20609
20616
20616
20617
20618
20621
20626
20626
20633
20635
20640
20642
20643
20652
20662
20665
20668
20673
20677
20678
20682
20683
20687
20688
20688
20689
20689
20690
20695
20708
20711
20713
20716
20717
20719
20721
20728
20729
20730
20731
20732
20735
20749
20752
20755
20765
20767
20770
20780
20786
20789
20797
20806
20814
20815
20817
20821
20826
20827
20830
20832
20842
20844
20845
20847
20849
20853
20854
20857
20858
20865
20869
20870
20872
20873
20875
20875
20876
20884
20890
20891
20891
20897
20897
20901
20908
20908
20909
20913
20920
20921
20933
20939
20941
20950
20952
20953
20958
20960
20963
20974
20978
20978
20987
20997
21001
21010
21021
21024
21032
21035
21047
21050
21063
21063
21064
21064
21066
21067
21072
21073
21073
21077
21080
21083
21090
21095
21096
21106
21111
21115
21116
21121
21121
21121
21123
21124
21125
21131
21131
21134
21136
21137
21140
21147
21147
21151
21159
21161
21168
21168
21170
21173
21178
21185
21190
21193
21198
21198
21203
21205
21206
21211
21211
21216
21217
21230
21237
21240
21241
21242
21243
21243
21246
21251
21266
21267
21271
21272
21272
21282
21284
21287
21294
21304
21308
21308
21313
21314
21315
21320
21320
21323
21324
21330
21331
21342
21344
21349
21350
21354
21355
21358
21359
21360
21361
21362
21364
21368
21371
21374
21382
21386
21386
21387
21389
21398
21404
21408
21414
21414
21421
21421
21431
21434
21439
21443
21445
21446
21448
21458
21461
21465
21465
21471
21473
21475
21482
21487
21490
21497
21497
21498
21501
21508
21513
21516
21519
21520
21524
21525
21540
21541
21543
21545
21546
21547
21555
21557
21560
21562
21563
21569
21569
21574
21581
21584
21587
21589
21590
21597
21597
21604
21606
21606
21608
21611
21613
21618
21620
21624
21624
21625
21625
21629
21630
21631
21633
21633
21634
21639
21640
21641
21642
21643
21648
21651
21654
21654
21655
21659
21661
21666
21669
21670
21671
21674
21674
21676
21677
21680
21684
21691
21696
21696
21699
21705
21710
21710
21710
21717
21719
21719
21722
21732
21738
21744
21745
21747
21750
21753
21753
21755
21758
21759
21759
21767
21771
21771
21774
21775
21782
21788
21792
21792
21793
21794
21794
21795
21795
21798
21798
21803
21806
21815
21816
21819
21820
21828
21838
21841
21842
21844
21844
21848
21850
21850
21851
21856
21857
21858
21864
21873
21875
21881
21881
21885
21891
21891
21894
21896
21898
21902
21904
21907
21916
21917
21921
21922
21923
21924
21931
21934
21941
21942
21942
21944
21948
21948
21948
21951
21951
21954
21963
21965
21967
21967
21971
21973
21974
21982
21982
21983
21983
21984
21989
21993
21995
21997
21999
22000
22002
22005
22011
22014
22015
22016
22025
22027
22027
22029
22034
22038
22039
22040
22043
22049
22050
22051
22056
22056
22060
22063
22065
22073
22073
22080
22085
22094
22099
22099
22104
22107
22120
22121
22122
22123
22126
22128
22136
22137
22146
22151
22155
22160
22164
22170
22175
22177
22177
22180
22180
22183
22183
22186
22187
22190
22199
22200
22202
22203
22208
22208
22210
22210
22212
22215
22217
22217
22221
22222
22223
22226
22228
22228
22231
22235
22235
22235
22238
22241
22241
22243
22262
22263
22270
22275
22278
22284
22287
22288
22295
22297
22302
22302
22308
22310
22311
22318
22320
22324
22332
22340
22343
22344
22348
22358
22359
22361
22366
22366
22368
22368
22369
22377
22378
22383
22390
22394
22396
22404
22408
22408
22409
22410
22410
22413
22413
22414
22416
22426
22429
22432
22433
22434
22438
22439
22440
22442
22444
22445
22449
22452
22454
22455
22455
22462
22465
22468
22469
22469
22486
22487
22492
22494
22498
22501
22504
22522
22537
22537
22541
22543
22546
22554
22556
22557
22558
22559
22568
22577
22584
22584
22588
22590
22591
22591
22592
22595
22599
22600
22600
22601
22604
22606
22606
22607
22608
22610
22614
22619
22620
22621
22622
22624
22633
22635
22635
22639
22649
22663
22667
22669
22675
22677
22679
22679
22680
22682
22686
22689
22689
22692
22694
22695
22697
22701
22707
22707
22708
22713
22719
22720
22723
22723
22723
22730
22732
22735
22736
22738
22739
22739
22753
22762
22775
22776
22778
22783
22791
22794
22797
22802
22802
22814
22815
22816
22819
22827
22828
22830
22833
22835
22842
22842
22843
22843
22852
22854
22856
22856
22859
22860
22860
22861
22870
22885
22886
22888
22888
22892
22894
22895
22900
22901
22902
22903
22904
22904
22907
22913
22917
22921
22924
22925
22928
22929
22932
22932
22938
22938
22942
22946
22947
22956
22961
22965
22965
22966
22969
22969
22971
22977
22980
22980
22981
22984
22985
22993
22997
23012
23016
23018
23020
23024
23024
23054
23058
23066
23068
23071
23074
23079
23092
23101
23102
23104
23107
23108
23114
23117
23117
23131
23132
23134
23142
23144
23146
23149
23151
23152
23153
23156
23159
23170
23170
23177
23177
23184
23184
23186
23188
23189
23191
23192
23200
23207
23213
23228
23234
23246
23248
23252
23262
23263
23282
23289
23296
23305
23310
23316
23328
23330
23342
23344
23344
23346
23349
23352
23363
23364
23365
23366
23367
23371
23372
23372
23375
23377
23378
23379
23379
23380
23386
23392
23394
23399
23401
23403
23403
23406
23406
23407
23418
23418
23419
23420
23423
23425
23426
23427
23431
23431
23433
23436
23440
23442
23444
23449
23452
23457
23458
23460
23460
23461
23461
23463
23473
23476
23476
23480
23483
23484
23484
23486
23492
23496
23500
23500
23504
23504
23508
23508
23516
23519
23533
23536
23545
23549
23550
23561
23563
23566
23571
23572
23575
23576
23579
23579
23581
23583
23594
23595
23598
23604
23607
23611
23612
23615
23615
23620
23624
23636
23639
23639
23641
23643
23648
23650
23650
23651
23651
23655
23656
23656
23658
23662
23673
23673
23678
23680
23685
23686
23687
23692
23696
23697
23701
23703
23704
23706
23708
23708
23715
23720
23720
23722
23724
23731
23734
23741
23749
23753
23754
23758
23759
23762
23769
23769
23775
23778
23779
23781
23783
23785
23785
23787
23789
23789
23794
23802
23803
23806
23811
23817
23819
23821
23830
23832
23835
23838
23844
23847
23849
23852
23852
23853
23854
23856
23857
23857
23864
23864
23865
23866
23866
23884
23891
23900
23902
23903
23909
23913
23914
23915
23919
23921
23927
23931
23932
23935
23936
23939
23941
23942
23942
23943
23943
23945
23946
23950
23950
23956
23957
23958
23961
23964
23971
23973
23974
23976
23977
23981
23983
23988
23990
23996
24001
24004
24005
24007
24009
24012
24015
24017
24021
24025
24026
24029
24031
24035
24038
24039
24041
24052
24055
24056
24065
24071
24081
24082
24083
24088
24089
24094
24099
24102
24106
24115
24116
24117
24117
24119
24120
24125
24126
24126
24131
24132
24136
24137
24138
24138
24138
24139
24145
24159
24164
24174
24179
24187
24187
24193
24194
24195
24200
24202
24211
24212
24213
24216
24216
24218
24225
24243
24244
24247
24248
24251
24252
24257
24259
24264
24266
24270
24279
24282
24284
24291
24296
24300
24301
24307
24311
24314
24314
24319
24321
24324
24328
24333
24334
24339
24339
24343
24347
24368
24371
24375
24378
24379
24388
24389
24390
24390
24391
24392
24396
24404
24406
24406
24408
24409
24416
24417
24428
24437
24439
24444
24447
24448
24449
24451
24455
24455
24458
24466
24467
24470
24477
24478
24479
24480
24484
24485
24497
24501
24506
24510
24513
24515
24519
24538
24539
24540
24541
24545
24546
24547
24551
24557
24559
24560
24560
24562
24563
24563
24563
24563
24565
24567
24568
24575
24577
24583
24585
24593
24598
24598
24599
24606
24607
24609
24609
24612
24615
24615
24618
24621
24628
24631
24635
24645
24649
24652
24652
24655
24658
24658
24659
24659
24661
24666
24668
24676
24681
24682
24691
24695
24700
24708
24718
24718
24719
24719
24721
24725
24729
24742
24742
24743
24743
24754
24757
24757
24759
24761
24777
24779
24780
24780
24781
24782
24783
24790
24794
24795
24798
24809
24810
24812
24819
24824
24827
24834
24840
24842
24845
24846
24849
24852
24855
24856
24865
24866
24867
24869
24873
24875
24876
24879
24879
24881
24883
24884
24887
24888
24891
24893
24895
24896
24900
24904
24904
24910
24923
24928
24936
24937
24937
24939
24940
24941
24944
24947
24949
24954
24954
24956
24961
24963
24964
24965
24969
24977
24982
24982
24985
24988
25001
25005
25009
25020
25020
25024
25029
25031
25033
25033
25033
25034
25034
25035
25044
25052
25058
25059
25063
25067
25070
25071
25076
25077
25089
25091
25095
25097
25097
25105
25109
25113
25116
25121
25124
25124
25132
25132
25154
25161
25165
25170
25173
25177
25178
25178
25183
25184
25186
25187
25189
25192
25197
25197
25200
25200
25215
25217
25224
25226
25228
25232
25232
25237
25237
25238
25242
25243
25251
25256
25266
25270
25270
25272
25273
25273
25278
25279
25280
25281
25286
25287
25293
25297
25301
25306
25307
25314
25318
25319
25326
25329
25330
25331
25338
25345
25346
25349
25351
25351
25352
25355
25357
25361
25362
25370
25371
25372
25376
25377
25377
25383
25390
25399
25402
25406
25406
25414
25416
25417
25418
25419
25423
25429
25435
25436
25437
25439
25439
25440
25441
25443
25448
25453
25455
25456
25470
25472
25474
25475
25479
25480
25480
25487
25493
25493
25493
25498
25499
25501
25502
25504
25507
25512
25512
25515
25515
25516
25520
25520
25521
25526
25527
25530
25530
25532
25534
25541
25541
25547
25554
25557
25562
25568
25571
25571
25582
25582
25591
25591
25595
25597
25598
25601
25607
25608
25609
25610
25612
25625
25625
25630
25630
25632
25637
25637
25642
25643
25644
25645
25645
25651
25652
25664
25668
25671
25671
25676
25677
25679
25684
25685
25686
25688
25689
25689
25693
25693
25695
25701
25703
25705
25711
25711
25713
25715
25715
25723
25723
25726
25727
25728
25730
25737
25740
25742
25744
25747
25750
25760
25766
25767
25767
25768
25769
25769
25777
25779
25779
25783
25784
25788
25789
25791
25801
25809
25814
25814
25817
25819
25820
25822
25823
25830
25831
25844
25844
25849
25852
25852
25857
25865
25866
25867
25869
25870
25878
25880
25883
25884
25884
25885
25892
25895
25903
25903
25904
25908
25911
25911
25914
25914
25917
25921
25922
25934
25935
25936
25936
25945
25950
25954
25954
25958
25959
25974
25983
25991
25994
25997
26005
26005
26011
26013
26019
26021
26022
26025
26030
26036
26038
26041
26059
26060
26061
26061
26062
26067
26068
26070
26072
26074
26076
26076
26076
26078
26083
26086
26087
26096
26100
26100
26105
26105
26108
26116
26116
26123
26124
26127
26127
26127
26132
26134
26137
26138
26143
26143
26151
26151
26151
26153
26155
26156
26158
26164
26164
26166
26167
26174
26174
26175
26175
26175
26177
26181
26182
26185
26188
26191
26193
26198
26202
26203
26203
26206
26210
26211
26212
26214
26218
26221
26221
26226
26232
26235
26236
26241
26243
26248
26248
26249
26252
26255
26261
26262
26270
26275
26282
26293
26294
26295
26302
26303
26305
26314
26321
26324
26328
26329
26329
26332
26334
26338
26341
26353
26357
26357
26357
26358
26359
26362
26370
26373
26378
26384
26384
26385
26386
26388
26390
26390
26391
26391
26393
26396
26408
26410
26416
26416
26417
26420
26420
26423
26428
26428
26429
26432
26433
26435
26438
26453
26454
26458
26474
26491
26492
26493
26495
26500
26502
26503
26506
26509
26511
26527
26539
26544
26550
26557
26558
26560
26561
26566
26569
26570
26572
26575
26576
26579
26583
26584
26590
26590
26591
26597
26597
26602
26608
26611
26615
26617
26621
26621
26621
26626
26631
26631
26632
26633
26635
26643
26646
26649
26650
26651
26653
26653
26662
26662
26664
26667
26679
26681
26681
26682
26682
26685
26687
26692
26694
26694
26695
26698
26698
26702
26702
26707
26707
26709
26712
26712
26716
26718
26718
26718
26720
26721
26722
26728
26736
26737
26758
26759
26760
26763
26775
26782
26786
26796
26800
26801
26805
26807
26814
26814
26816
26816
26822
26822
26826
26826
26828
26832
26839
26841
26844
26847
26850
26852
26854
26854
26857
26862
26863
26868
26869
26882
26884
26884
26887
26908
26912
26917
26924
26934
26936
26937
26939
26941
26944
26946
26946
26953
26963
26978
26985
26988
26990
26994
27002
27004
27008
27009
27009
27010
27022
27023
27025
27030
27035
27042
27045
27056
27056
27057
27063
27064
27074
27075
27079
27083
27087
27088
27096
27104
27105
27110
27111
27116
27118
27119
27124
27125
27128
27135
27137
27139
27144
27148
27150
27150
27150
27155
27155
27161
27163
27163
27165
27167
27174
27175
27175
27178
27179
27180
27185
27193
27200
27207
27209
27216
27220
27223
27226
27234
27238
27239
27254
27258
27259
27263
27264
27266
27268
27271
27278
27281
27282
27283
27293
27293
27301
27301
27303
27305
27307
27310
27314
27322
27325
27326
27327
27329
27331
27333
27338
27341
27343
27347
27347
27356
27357
27364
27366
27369
27370
27378
27382
27384
27394
27395
27398
27400
27403
27409
27409
27415
27416
27416
27424
27430
27438
27442
27444
27446
27446
27449
27449
27450
27453
27457
27459
27461
27464
27468
27470
27471
27472
27476
27490
27493
27501
27504
27512
27512
27513
27516
27518
27523
27523
27526
27534
27536
27537
27538
27545
27547
27550
27552
27557
27566
27572
27582
27586
27590
27593
27600
27608
27610
27611
27618
27621
27624
27628
27629
27629
27639
27640
27643
27643
27644
27644
27651
27651
27654
27655
27662
27663
27666
27670
27672
27673
27675
27677
27682
27685
27686
27687
27691
27693
27696
27708
27708
27708
27710
27712
27715
27717
27717
27722
27723
27724
27725
27728
27731
27731
27732
27732
27735
27735
27757
27768
27769
27770
27772
27774
27783
27784
27787
27789
27799
27803
27815
27815
27818
27823
27826
27833
27837
27841
27843
27847
27852
27857
27859
27860
27868
27868
27869
27873
27874
27877
27891
27895
27902
27904
27913
27915
27917
27921
27923
27923
27926
27931
27933
27933
27934
27940
27943
27952
27966
27966
27970
27970
27971
27985
27986
27986
27988
27989
27992
27994
28006
28009
28010
28015
28016
28019
28021
28021
28030
28033
28037
28041
28042
28043
28044
28047
28049
28059
28062
28066
28079
28086
28092
28093
28097
28099
28099
28101
28101
28106
28112
28115
28122
28126
28128
28130
28134
28136
28137
28141
28143
28145
28145
28149
28159
28159
28162
28163
28169
28170
28171
28180
28180
28181
28185
28191
28194
28203
28209
28212
28213
28215
28216
28217
28220
28224
28224
28226
28227
28230
28232
28233
28234
28236
28238
28239
28240
28241
28243
28244
28247
28250
28251
28253
28254
28256
28266
28267
28268
28271
28276
28278
28282
28284
28285
28290
28297
28299
28300
28302
28304
28305
28316
28318
28326
28328
28328
28331
28338
28338
28348
28354
28355
28358
28366
28370
28376
28376
28379
28380
28381
28381
28381
28386
28386
28387
28391
28392
28399
28407
28410
28417
28420
28420
28421
28421
28422
28424
28425
28427
28429
28437
28438
28448
28451
28459
28460
28461
28467
28469
28469
28471
28473
28476
28483
28484
28486
28489
28490
28492
28492
28493
28493
28497
28499
28501
28508
28508
28510
28514
28516
28517
28518
28519
28521
28522
28528
28529
28531
28531
28534
28535
28555
28557
28560
28562
28562
28565
28572
28574
28576
28577
28579
28580
28585
28587
28588
28589
28597
28600
28600
28604
28607
28617
28619
28620
28622
28624
28637
28638
28639
28641
28642
28668
28671
28676
28676
28679
28684
28688
28688
28698
28703
28703
28708
28715
28720
28722
28724
28728
28732
28742
28743
28744
28747
28754
28756
28761
28762
28767
28775
28776
28784
28793
28795
28805
28818
28826
28828
28830
28831
28832
28834
28841
28846
28848
28854
28857
28858
28866
28866
28869
28871
28880
28885
28887
28888
28898
28901
28904
28909
28910
28914
28917
28918
28926
28928
28929
28932
28937
28939
28940
28941
28941
28947
28948
28948
28949
28953
28960
28964
28965
28971
28972
28976
28978
28987
29010
29014
29015
29017
29018
29018
29020
29030
29033
29036
29039
29042
29047
29048
29049
29050
29055
29056
29059
29064
29068
29074
29076
29078
29088
29089
29090
29095
29096
29097
29097
29105
29106
29107
29115
29115
29116
29117
29118
29119
29119
29121
29146
29147
29147
29162
29166
29170
29172
29179
29186
29188
29189
29189
29189
29191
29194
29196
29198
29201
29202
29207
29207
29210
29215
29219
29227
29228
29231
29234
29238
29240
29246
29249
29249
29249
29253
29255
29258
29264
29264
29267
29270
29271
29271
29284
29287
29294
29298
29299
29299
29300
29305
29305
29308
29310
29313
29316
29321
29324
29325
29327
29329
29333
29334
29335
29342
29344
29347
29353
29353
29357
29360
29365
29365
29367
29379
29380
29385
29388
29391
29398
29407
29407
29409
29411
29421
29422
29426
29431
29434
29434
29437
29440
29445
29447
29451
29455
29457
29459
29462
29467
29476
29477
29479
29482
29485
29490
29497
29499
29519
29522
29522
29523
29523
29526
29529
29534
29537
29551
29554
29564
29565
29566
29570
29577
29580
29586
29599
29603
29606
29610
29624
29625
29632
29634
29636
29638
29640
29641
29641
29643
29644
29645
29646
29647
29650
29652
29657
29663
29664
29665
29666
29668
29668
29669
29671
29671
29673
29673
29675
29676
29680
29680
29683
29686
29687
29691
29695
29695
29708
29709
29712
29714
29718
29718
29719
29723
29728
29735
29736
29739
29740
29741
29744
29746
29746
29748
29750
29755
29755
29760
29764
29765
29766
29773
29776
29779
29802
29807
29810
29815
29816
29818
29821
29822
29824
29825
29839
29840
29842
29855
29856
29866
29869
29880
29881
29882
29887
29888
29891
29896
29897
29901
29904
29908
29914
29921
29923
29923
29926
29934
29934
29935
29953
29954
29954
29959
29959
29960
29966
29967
29975
29980
29987
29997
29998
29998
30007
30008
30013
30015
30017
30020
30020
30022
30025
30026
30027
30028
30031
30032
30034
30039
30042
30044
30048
30049
30049
30050
30051
30051
30056
30066
30073
30078
30082
30084
30087
30091
30105
30106
30107
30119
30123
30124
30126
30132
30134
30139
30140
30146
30149
30149
30154
30158
30161
30161
30167
30182
30184
30185
30185
30186
30188
30190
30196
30199
30204
30208
30208
30214
30215
30218
30219
30220
30222
30222
30224
30228
30230
30235
30236
30239
30239
30246
30249
30253
30253
30257
30260
30269
30272
30273
30277
30277
30277
30278
30286
30289
30289
30294
30295
30300
30302
30311
30322
30325
30331
30332
30333
30333
30336
30343
30343
30352
30357
30359
30360
30364
30365
30368
30369
30371
30372
30372
30373
30377
30378
30382
30388
30392
30394
30394
30396
30401
30406
30416
30422
30426
30427
30428
30433
30436
30441
30446
30451
30458
30459
30463
30466
30473
30476
30483
30483
30484
30485
30489
30492
30496
30498
30513
30515
30519
30524
30526
30526
30529
30540
30541
30548
30549
30553
30554
30557
30562
30566
30569
30572
30577
30601
30602
30604
30609
30613
30616
30622
30630
30632
30635
30635
30636
30652
30653
30654
30654
30659
30661
30662
30662
30676
30686
30686
30689
30689
30693
30696
30698
30705
30707
30717
30724
30727
30731
30734
30734
30737
30737
30742
30751
30751
30761
30765
30765
30766
30774
30780
30781
30781
30787
30788
30795
30798
30807
30808
30809
30817
30822
30827
30832
30836
30837
30839
30841
30845
30846
30847
30848
30856
30862
30865
30865
30867
30869
30871
30872
30873
30874
30877
30880
30882
30885
30886
30891
30896
30903
30905
30909
30910
30913
30919
30923
30924
30925
30934
30935
30935
30935
30937
30942
30946
30946
30951
30951
30951
30951
30952
30953
30953
30956
30959
30962
30964
30967
30969
30972
30978
30980
30980
30981
30983
30987
30988
30988
30989
30989
31000
31004
31010
31010
31011
31011
31017
31018
31024
31027
31028
31037
31039
31040
31041
31046
31052
31053
31054
31055
31061
31064
31065
31065
31069
31070
31072
31073
31081
31086
31089
31090
31095
31096
31097
31097
31099
31103
31105
31113
31113
31122
31123
31125
31128
31130
31132
31134
31135
31137
31138
31140
31141
31146
31151
31170
31171
31179
31185
31186
31187
31188
31192
31196
31201
31202
31202
31204
31216
31224
31225
31228
31229
31234
31237
31238
31241
31248
31253
31255
31263
31263
31263
31264
31268
31269
31270
31271
31278
31286
31289
31303
31304
31304
31310
31312
31312
31315
31316
31319
31322
31323
31330
31332
31339
31343
31347
31348
31349
31349
31351
31366
31367
31367
31368
31379
31380
31386
31391
31392
31392
31394
31401
31404
31408
31409
31413
31415
31416
31419
31422
31423
31440
31441
31442
31444
31458
31464
31465
31465
31468
31469
31473
31475
31476
31479
31483
31483
31491
31492
31494
31495
31506
31508
31516
31518
31520
31522
31522
31527
31531
31532
31537
31537
31540
31543
31544
31556
31569
31570
31571
31582
31582
31585
31593
31604
31612
31613
31617
31620
31622
31625
31625
31627
31629
31634
31637
31639
31644
31647
31649
31650
31651
31654
31658
31661
31661
31662
31666
31667
31671
31675
31680
31680
31682
31684
31685
31688
31689
31690
31692
31697
31703
31704
31710
31714
31715
31715
31719
31721
31722
31739
31740
31741
31742
31743
31744
31744
31748
31751
31771
31773
31777
31782
31782
31787
31787
31787
31796
31801
31803
31809
31811
31813
31816
31824
31825
31825
31827
31832
31835
31842
31851
31854
31857
31858
31860
31864
31865
31866
31870
31872
31874
31875
31878
31880
31880
31881
31884
31885
31889
31894
31895
31898
31899
31903
31908
31912
31912
31913
31915
31917
31923
31927
31928
31934
31934
31941
31941
31955
31962
31967
31969
31972
31974
31976
31983
31984
31984
31987
31996
31997
31998
32001
32003
32007
32010
32012
32015
32023
32023
32024
32033
32033
32033
32036
32039
32041
32041
32045
32055
32058
32059
32064
32069
32070
32073
32079
32080
32090
32096
32103
32104
32107
32109
32110
32135
32138
32142
32146
32147
32148
32157
32162
32165
32168
32168
32171
32176
32177
32180
32183
32185
32185
32186
32186
32187
32188
32190
32191
32192
32194
32194
32197
32197
32198
32200
32201
32207
32207
32223
32226
32226
32227
32227
32231
32233
32234
32234
32244
32245
32247
32252
32264
32264
32264
32269
32271
32275
32277
32279
32281
32288
32290
32292
32295
32295
32300
32303
32304
32313
32314
32320
32323
32324
32325
32333
32334
32337
32337
32339
32347
32363
32367
32368
32376
32377
32377
32377
32378
32379
32390
32399
32401
32408
32411
32413
32419
32422
32427
32430
32431
32431
32431
32433
32434
32437
32440
32446
32453
32454
32455
32456
32461
32478
32478
32482
32486
32487
32490
32491
32495
32496
32498
32500
32501
32503
32509
32511
32522
32522
32527
32527
32528
32528
32531
32531
32540
32542
32545
32547
32549
32550
32552
32552
32553
32556
32559
32561
32563
32566
32566
32575
32578
32580
32582
32601
32608
32608
32613
32616
32621
32623
32627
32629
32638
32643
32646
32649
32650
32652
32656
32660
32660
32666
32667
32667
32669
32669
32686
32687
32695
32696
32702
32708
32715
32716
32719
32721
32721
32723
32724
32732
32739
32743
32746
32759
32762
