1000
19
37
53
56
64
105
155
185
314
332
358
363
568
630
660
684
700
731
841
863
889
939
943
1008
1020
1023
1075
1196
1218
1268
1337
1369
1410
1507
1507
1513
1579
1579
1624
1651
1684
1684
1700
1712
1713
1731
1765
1780
2080
2086
2087
2118
2160
2255
2309
2314
2324
2346
2347
2359
2378
2386
2409
2433
2461
2501
2503
2562
2609
2666
2707
2719
2736
2737
2747
2834
2838
2881
2882
2884
2888
2906
2987
2987
3018
3056
3079
3089
3110
3116
3117
3118
3123
3152
3188
3236
3238
3254
3300
3302
3314
3336
3369
3380
3390
3399
3420
3438
3468
3495
3503
3509
3529
3536
3542
3581
3638
3642
3642
3689
3709
3786
3813
3825
3852
3866
3953
3959
3998
4057
4059
4064
4087
4204
4283
4283
4318
4341
4351
4435
4448
4482
4519
4548
4554
4611
4632
4650
4692
4710
4712
4734
4782
4841
4867
4914
4918
4941
4971
4998
5058
5061
5083
5113
5119
5188
5197
5259
5288
5323
5327
5349
5371
5413
5455
5469
5548
5589
5646
5650
5738
5800
5848
5852
5855
5888
5893
5907
5929
5938
5968
5969
6048
6065
6081
6096
6102
6127
6223
6261
6274
6324
6337
6338
6367
6394
6453
6460
6460
6464
6469
6477
6504
6579
6620
6656
6836
6850
6864
6877
6910
6956
6981
6985
7076
7104
7115
7150
7157
7262
7342
7358
7405
7411
7559
7605
7613
7689
7701
7708
7744
7749
7855
7865
7870
7917
7926
7936
7993
8005
8006
8067
8070
8074
8100
8107
8237
8303
8348
8366
8425
8507
8525
8527
8536
8558
8600
8650
8660
8663
8815
8821
8923
8994
9108
9123
9177
9225
9261
9335
9418
9420
9443
9459
9466
9504
9555
9581
9590
9609
9662
9667
9686
9688
9732
9795
9799
9811
9816
9840
9841
9849
9861
9876
9901
9932
9948
9966
10156
10187
10187
10294
10340
10418
10520
10540
10540
10566
10579
10581
10594
10603
10640
10683
10713
10743
10765
10775
10792
10798
10815
10848
10903
10905
10922
10927
11048
11051
11055
11118
11162
11163
11207
11229
11233
11249
11263
11315
11402
11431
11443
11499
11523
11534
11552
11578
11606
11616
11626
11671
11711
11840
11904
11940
12029
12050
12078
12128
12235
12250
12278
12284
12293
12295
12312
12324
12420
12474
12509
12514
12591
12613
12635
12676
12758
12775
12814
12823
12826
12829
12836
12870
12985
13038
13053
13090
13198
13215
13286
13334
13341
13355
13407
13476
13541
13627
13662
13765
13797
13799
13845
13846
13882
13889
13926
13975
14039
14104
14167
14171
14172
14203
14262
14286
14360
14381
14382
14397
14478
14534
14538
14553
14620
14640
14643
14753
14761
14763
14772
14814
14867
14954
14961
15010
15055
15102
15155
15185
15186
15214
15232
15247
15254
15262
15262
15334
15357
15368
15380
15418
15462
15468
15497
15512
15532
15597
15604
15610
15672
15698
15700
15753
15758
15784
15786
15850
15909
15992
16001
16005
16014
16029
16041
16056
16100
16241
16274
16325
16360
16369
16403
16419
16442
16465
16546
16603
16666
16728
16789
16819
16842
16854
16950
16958
17005
17008
17023
17033
17099
17140
17171
17178
17207
17231
17268
17285
17291
17296
17317
17325
17378
17384
17407
17466
17490
17517
17587
17618
17626
17663
17671
17681
17687
17708
17719
17739
17756
17766
17809
17848
17863
17888
17901
17908
17914
17920
17997
18030
18056
18058
18139
18161
18208
18230
18269
18307
18358
18369
18384
18450
18473
18485
18505
18508
18523
18565
18577
18613
18615
18630
18651
18713
18772
18798
18811
18851
18874
18886
18894
18945
19125
19143
19200
19207
19318
19328
19366
19515
19563
19664
19711
19723
19772
19837
19844
19862
19910
19931
20011
20019
20032
20047
20047
20079
20143
20170
20185
20227
20262
20310
20333
20339
20349
20350
20354
20379
20385
20461
20468
20546
20578
20620
20699
20709
20710
20732
20738
20751
20821
20826
20831
20832
20859
20877
20958
21027
21058
21096
21122
21152
21171
21175
21202
21208
21210
21243
21320
21331
21372
21389
21490
21504
21530
21535
21547
21595
21601
21629
21630
21631
21763
21799
21819
21835
21911
21939
21959
21968
21992
21997
22050
22274
22338
22402
22409
22430
22461
22533
22540
22575
22620
22664
22681
22683
22698
22708
22723
22726
22743
22749
22803
22811
22863
22934
22984
23008
23042
23139
23140
23147
23233
23272
23275
23283
23396
23407
23453
23496
23502
23572
23575
23595
23646
23690
23722
23722
23730
23743
23746
23753
23769
23788
23837
23873
23904
23913
23921
23966
24026
24055
24067
24112
24117
24120
24129
24134
24148
24233
24288
24293
24293
24296
24306
24323
24337
24381
24426
24456
24499
24540
24675
24681
24743
24744
24762
24766
24802
24812
24830
24850
24852
24888
24911
24935
24938
24940
24946
24964
25044
25071
25173
25197
25198
25218
25238
25243
25387
25389
25410
25412
25431
25433
25450
25481
25493
25496
25525
25553
25614
25628
25763
25787
25817
25857
25861
25914
26007
26019
26067
26068
26110
26170
26173
26215
26235
26258
26293
26305
26331
26355
26356
26361
26384
26394
26432
26450
26481
26528
26532
26540
26562
26608
26655
26676
26686
26721
26731
26790
26826
26912
26914
26930
26933
26934
26997
27004
27065
27109
27164
27303
27313
27315
27366
27458
27531
27568
27640
27665
27753
27754
27807
27823
27833
27845
27903
27913
27978
27984
28035
28095
28102
28120
28147
28176
28370
28372
28416
28500
28549
28572
28575
28651
28659
28739
28799
28814
28839
28866
28874
28881
28884
28896
28932
28932
28942
28959
29133
29152
29157
29167
29225
29284
29307
29315
29316
29326
29337
29350
29375
29413
29434
29453
29532
29567
29617
29855
29988
30010
30021
30048
30074
30149
30200
30233
30244
30250
30282
30293
30323
30435
30454
30474
30543
30671
30671
30685
30730
30762
30770
30774
30792
30848
30874
30912
30917
30922
30940
30959
31005
31046
31075
31112
31113
31136
31157
31162
31193
31202
31231
31277
31285
31312
31346
31454
31457
31489
31491
31555
31558
31569
31570
31572
31597
31614
31677
31678
31788
31802
31822
31833
31838
31842
31852
31856
31951
31977
32001
32030
32081
32089
32121
32166
32243
32277
32279
32293
32308
32330
32349
32405
32410
32481
32590
32593
32610
32619
32630
32638
32689
32756
