10000
4
16
23
25
29
37
38
42
44
46
61
65
65
72
76
83
91
91
96
96
97
99
104
115
118
129
131
132
139
143
149
155
155
155
160
163
170
172
174
174
175
177
182
183
183
184
184
186
187
189
195
197
198
203
213
216
219
222
222
228
236
244
250
251
251
252
252
253
255
259
260
260
261
261
269
273
277
280
286
295
295
299
300
305
306
310
310
314
316
316
321
332
338
340
341
341
342
342
343
348
355
359
363
365
365
367
371
375
376
377
379
381
387
392
393
394
396
402
409
413
413
413
417
421
423
427
429
433
435
436
448
452
452
453
457
461
461
467
470
474
477
479
484
485
494
496
496
498
503
505
509
511
512
525
531
534
537
550
550
552
553
554
558
561
568
571
578
581
581
583
584
584
586
588
589
590
591
598
605
611
612
615
616
617
622
623
626
634
635
638
643
644
648
651
668
675
675
678
687
694
699
702
704
706
708
709
711
713
713
715
728
730
730
732
734
737
738
743
744
747
756
759
760
762
770
770
773
782
785
789
793
793
798
802
802
807
808
810
814
816
817
818
819
820
821
824
828
832
833
836
844
846
849
852
852
855
855
857
859
860
866
873
882
883
884
889
895
899
904
905
906
910
911
911
912
916
920
920
921
921
922
926
927
931
939
940
942
944
945
947
954
963
964
965
969
969
976
976
977
980
980
987
1004
1007
1007
1015
1019
1024
1027
1033
1036
1038
1039
1041
1045
1047
1053
1053
1057
1063
1064
1065
1067
1076
1085
1088
1089
1091
1098
1102
1103
1110
1112
1115
1116
1116
1122
1124
1129
1130
1130
1131
1136
1140
1140
1146
1146
1151
1157
1158
1158
1158
1162
1164
1165
1166
1167
1174
1177
1182
1183
1183
1184
1187
1196
1203
1203
1205
1207
1212
1213
1219
1221
1221
1222
1222
1225
1231
1233
1236
1243
1248
1253
1255
1256
1258
1262
1269
1269
1274
1275
1281
1282
1285
1287
1288
1289
1290
1292
1299
1300
1301
1306
1309
1312
1313
1315
1317
1317
1318
1323
1326
1332
1333
1339
1340
1345
1349
1353
1354
1358
1358
1361
1361
1367
1370
1371
1376
1377
1381
1382
1382
1387
1391
1396
1401
1407
1409
1409
1412
1425
1426
1437
1437
1438
1441
1443
1444
1445
1445
1447
1448
1456
1456
1457
1462
1462
1467
1470
1472
1474
1475
1477
1482
1486
1487
1487
1488
1495
1497
1502
1509
1513
1516
1516
1518
1518
1520
1526
1531
1533
1537
1556
1558
1559
1560
1563
1563
1567
1571
1574
1575
1603
1605
1608
1608
1608
1617
1617
1618
1622
1625
1626
1627
1629
1630
1634
1642
1644
1647
1649
1655
1660
1666
1672
1673
1674
1674
1678
1679
1680
1681
1681
1684
1689
1689
1696
1698
1699
1701
1704
1706
1708
1711
1712
1720
1723
1724
1725
1725
1727
1730
1734
1737
1738
1741
1741
1743
1743
1752
1752
1753
1758
1760
1763
1763
1769
1771
1772
1775
1775
1778
1778
1784
1790
1798
1800
1801
1801
1802
1802
1806
1808
1808
1813
1821
1825
1827
1836
1836
1837
1840
1841
1842
1842
1843
1847
1848
1853
1853
1855
1856
1860
1863
1866
1867
1871
1873
1878
1878
1884
1885
1889
1896
1896
1905
1910
1912
1913
1916
1917
1920
1937
1937
1937
1942
1948
1948
1951
1953
1959
1960
1964
1968
1978
1979
1979
1980
1989
1990
1992
1992
1999
1999
2008
2009
2011
2012
2014
2022
2024
2030
2037
2041
2047
2050
2061
2062
2063
2065
2073
2075
2078
2082
2090
2091
2102
2103
2104
2109
2113
2114
2123
2130
2131
2135
2135
2136
2137
2139
2143
2144
2145
2145
2149
2150
2151
2153
2154
2157
2158
2163
2163
2163
2164
2165
2167
2175
2175
2176
2177
2182
2183
2188
2188
2188
2193
2201
2201
2202
2216
2220
2224
2227
2232
2232
2235
2240
2241
2243
2244
2247
2249
2250
2251
2260
2266
2267
2268
2270
2272
2272
2272
2276
2276
2284
2284
2286
2288
2289
2300
2301
2302
2310
2311
2314
2315
2315
2323
2324
2332
2333
2337
2346
2350
2354
2354
2355
2360
2361
2368
2368
2369
2370
2373
2379
2389
2392
2397
2402
2402
2408
2411
2412
2414
2417
2420
2424
2429
2430
2441
2445
2445
2446
2448
2450
2453
2454
2456
2458
2461
2462
2464
2473
2487
2493
2498
2499
2499
2502
2505
2514
2520
2525
2527
2531
2534
2539
2539
2544
2547
2549
2549
2550
2551
2553
2553
2555
2556
2556
2557
2558
2566
2567
2568
2569
2570
2571
2574
2575
2576
2576
2580
2586
2588
2598
2603
2605
2606
2606
2608
2612
2615
2618
2620
2622
2623
2631
2633
2635
2638
2640
2646
2646
2649
2650
2650
2651
2655
2658
2663
2664
2664
2667
2668
2672
2674
2677
2685
2685
2690
2693
2693
2695
2696
2700
2707
2708
2708
2709
2717
2719
2720
2722
2724
2730
2736
2736
2737
2737
2738
2741
2741
2741
2746
2747
2747
2748
2748
2750
2755
2757
2766
2797
2798
2800
2804
2805
2806
2806
2818
2818
2826
2833
2835
2835
2853
2856
2861
2861
2865
2867
2870
2871
2871
2872
2874
2880
2891
2891
2907
2908
2911
2915
2920
2924
2929
2934
2935
2936
2941
2943
2949
2960
2960
2963
2967
2971
2980
2983
2989
2989
2995
2999
3001
3001
3008
3012
3015
3021
3024
3027
3029
3031
3033
3033
3036
3043
3046
3053
3057
3059
3062
3065
3076
3076
3080
3082
3088
3090
3091
3095
3097
3097
3097
3098
3102
3107
3108
3108
3110
3117
3118
3119
3123
3124
3127
3127
3129
3136
3145
3154
3155
3160
3162
3163
3174
3176
3179
3184
3188
3188
3191
3194
3198
3198
3199
3200
3201
3202
3204
3207
3210
3217
3218
3223
3227
3238
3238
3239
3246
3250
3251
3256
3265
3265
3269
3270
3274
3274
3277
3281
3281
3284
3294
3298
3309
3312
3317
3324
3325
3328
3336
3339
3346
3348
3349
3349
3350
3351
3352
3357
3359
3361
3363
3364
3364
3365
3366
3374
3375
3381
3381
3384
3387
3387
3395
3395
3396
3397
3399
3401
3402
3403
3405
3406
3417
3418
3419
3421
3421
3422
3424
3427
3427
3427
3433
3434
3435
3437
3440
3442
3447
3448
3459
3460
3460
3463
3465
3467
3474
3476
3477
3480
3483
3485
3485
3485
3486
3492
3492
3492
3494
3496
3502
3503
3512
3522
3526
3526
3529
3530
3530
3531
3537
3540
3543
3546
3546
3550
3551
3552
3553
3554
3554
3557
3567
3568
3573
3574
3584
3584
3588
3588
3596
3602
3606
3607
3614
3615
3621
3621
3626
3627
3628
3628
3629
3635
3639
3641
3648
3651
3655
3655
3662
3665
3667
3670
3671
3673
3675
3679
3684
3685
3688
3696
3700
3702
3723
3725
3725
3726
3726
3740
3745
3752
3755
3757
3759
3760
3761
3763
3767
3772
3774
3775
3793
3796
3797
3799
3803
3807
3808
3809
3809
3810
3817
3827
3828
3831
3832
3837
3840
3840
3843
3843
3845
3854
3856
3865
3873
3875
3877
3883
3884
3889
3898
3899
3902
3906
3916
3922
3932
3937
3939
3941
3944
3946
3948
3949
3950
3955
3964
3964
3966
3970
3975
3993
3994
3997
3999
4003
4004
4006
4017
4019
4019
4021
4021
4021
4024
4025
4028
4028
4034
4041
4046
4052
4053
4055
4058
4062
4066
4068
4069
4073
4075
4078
4078
4081
4091
4096
4098
4098
4099
4100
4103
4109
4110
4110
4110
4110
4115
4118
4122
4122
4125
4133
4143
4145
4146
4147
4148
4149
4151
4157
4160
4161
4162
4165
4175
4178
4184
4188
4192
4201
4202
4207
4209
4211
4214
4215
4223
4232
4243
4244
4245
4252
4258
4260
4267
4268
4278
4288
4299
4302
4305
4307
4310
4324
4324
4328
4330
4336
4336
4341
4341
4342
4344
4347
4347
4348
4351
4357
4362
4366
4374
4375
4380
4380
4380
4382
4383
4384
4385
4386
4401
4402
4406
4407
4408
4410
4411
4412
4420
4420
4421
4424
4427
4428
4428
4428
4431
4431
4436
4437
4441
4442
4443
4443
4444
4447
4449
4451
4457
4462
4467
4468
4469
4477
4478
4478
4480
4482
4482
4484
4495
4499
4502
4504
4507
4507
4508
4513
4517
4522
4528
4529
4532
4533
4533
4534
4535
4538
4538
4538
4542
4545
4548
4554
4554
4559
4566
4567
4567
4569
4574
4575
4575
4576
4576
4584
4585
4585
4589
4590
4595
4598
4601
4605
4605
4608
4615
4616
4619
4622
4632
4638
4640
4643
4647
4654
4659
4661
4663
4667
4669
4670
4673
4677
4679
4684
4687
4689
4692
4693
4697
4699
4699
4707
4708
4708
4709
4715
4717
4718
4726
4727
4728
4730
4730
4731
4742
4747
4748
4749
4756
4756
4769
4774
4774
4778
4778
4781
4783
4789
4792
4797
4801
4814
4819
4824
4824
4828
4830
4834
4836
4851
4855
4855
4859
4861
4867
4873
4877
4887
4887
4888
4893
4897
4897
4902
4902
4908
4909
4915
4916
4918
4930
4933
4936
4937
4941
4944
4950
4953
4956
4961
4964
4970
4971
4976
4976
4981
4983
4987
4988
4991
4992
4993
5001
5007
5015
5019
5020
5021
5022
5022
5029
5032
5037
5038
5039
5058
5061
5064
5081
5081
5098
5099
5112
5115
5116
5123
5125
5125
5127
5130
5133
5134
5137
5138
5140
5141
5141
5141
5143
5144
5150
5152
5159
5160
5171
5174
5177
5180
5191
5191
5191
5200
5202
5214
5220
5224
5225
5228
5230
5232
5234
5235
5244
5246
5248
5249
5251
5254
5256
5260
5271
5276
5279
5280
5282
5287
5290
5294
5305
5308
5313
5313
5314
5314
5315
5315
5316
5317
5321
5321
5324
5324
5325
5331
5331
5343
5343
5350
5353
5355
5361
5362
5362
5363
5365
5366
5366
5368
5371
5380
5381
5381
5385
5386
5390
5393
5396
5402
5402
5404
5406
5407
5415
5424
5425
5426
5428
5433
5437
5438
5441
5442
5452
5453
5455
5456
5463
5466
5467
5467
5475
5484
5484
5484
5488
5495
5498
5498
5502
5504
5509
5510
5512
5518
5528
5536
5540
5545
5555
5558
5560
5561
5567
5570
5573
5575
5578
5579
5584
5585
5591
5592
5594
5599
5600
5602
5604
5614
5616
5620
5623
5626
5632
5632
5634
5636
5638
5639
5643
5647
5650
5652
5655
5655
5662
5665
5669
5678
5681
5684
5695
5698
5699
5700
5703
5712
5718
5722
5727
5734
5740
5741
5742
5744
5746
5747
5747
5758
5762
5766
5772
5775
5780
5781
5783
5784
5786
5790
5790
5790
5791
5794
5801
5802
5803
5806
5809
5812
5813
5813
5821
5822
5825
5827
5828
5830
5831
5833
5846
5846
5848
5851
5859
5865
5867
5883
5883
5885
5886
5887
5888
5889
5893
5900
5902
5905
5908
5909
5912
5913
5913
5917
5923
5926
5930
5931
5937
5940
5940
5944
5946
5954
5975
5975
5984
5989
5991
5994
5995
6007
6012
6013
6015
6015
6016
6017
6021
6023
6023
6025
6027
6028
6030
6032
6033
6033
6033
6037
6037
6038
6043
6046
6052
6054
6057
6063
6065
6074
6075
6076
6077
6077
6078
6078
6089
6089
6092
6093
6096
6100
6100
6101
6103
6103
6104
6107
6110
6116
6117
6117
6122
6125
6128
6138
6141
6167
6169
6170
6172
6174
6183
6186
6187
6192
6193
6194
6194
6204
6206
6208
6212
6219
6219
6231
6238
6242
6250
6252
6253
6253
6254
6262
6266
6268
6269
6274
6275
6276
6279
6284
6290
6294
6297
6299
6308
6310
6311
6313
6316
6318
6318
6318
6321
6321
6322
6328
6329
6331
6333
6333
6336
6337
6338
6341
6350
6353
6355
6361
6363
6363
6369
6372
6372
6376
6377
6378
6381
6382
6382
6384
6388
6393
6394
6394
6395
6396
6397
6401
6410
6414
6418
6423
6425
6431
6431
6433
6433
6437
6438
6438
6443
6443
6445
6455
6458
6461
6462
6462
6462
6465
6469
6471
6472
6473
6476
6477
6479
6480
6485
6493
6494
6498
6501
6501
6506
6510
6510
6515
6517
6520
6522
6524
6530
6530
6539
6544
6545
6546
6551
6552
6567
6568
6572
6572
6572
6572
6575
6578
6585
6586
6589
6591
6603
6603
6604
6608
6609
6616
6617
6619
6621
6624
6626
6627
6628
6629
6632
6633
6645
6648
6649
6653
6654
6659
6665
6667
6667
6677
6681
6683
6698
6702
6703
6707
6709
6723
6731
6734
6738
6741
6745
6754
6756
6757
6759
6766
6778
6779
6780
6785
6792
6802
6805
6813
6816
6818
6819
6819
6822
6822
6828
6830
6834
6835
6849
6854
6855
6857
6857
6858
6860
6864
6870
6872
6876
6877
6877
6880
6881
6894
6898
6902
6905
6915
6918
6924
6929
6931
6933
6934
6934
6935
6937
6940
6943
6947
6951
6951
6953
6962
6965
6970
6971
6973
6973
6979
6981
6982
6983
6984
6987
6988
6989
6994
6995
6998
7001
7002
7007
7008
7014
7015
7017
7019
7021
7024
7026
7045
7051
7056
7056
7060
7069
7073
7075
7076
7078
7080
7083
7089
7089
7090
7092
7101
7103
7105
7107
7114
7115
7117
7120
7121
7121
7123
7124
7130
7137
7139
7146
7154
7155
7158
7162
7164
7164
7165
7169
7172
7175
7182
7184
7185
7186
7189
7191
7193
7196
7203
7207
7209
7213
7214
7220
7226
7234
7235
7241
7244
7247
7254
7258
7259
7260
7265
7265
7267
7270
7271
7276
7278
7283
7290
7292
7297
7300
7302
7306
7310
7318
7319
7319
7326
7332
7337
7338
7342
7344
7348
7350
7353
7354
7357
7371
7372
7372
7394
7399
7408
7409
7411
7421
7421
7422
7423
7425
7426
7428
7429
7431
7434
7438
7438
7439
7439
7440
7444
7446
7449
7450
7452
7455
7456
7457
7458
7460
7464
7477
7479
7482
7487
7490
7490
7491
7491
7494
7494
7495
7500
7502
7511
7512
7515
7516
7516
7517
7520
7530
7534
7535
7537
7542
7548
7550
7563
7565
7568
7570
7570
7571
7579
7580
7591
7591
7591
7596
7596
7602
7603
7612
7615
7615
7619
7625
7629
7630
7633
7634
7637
7642
7644
7645
7648
7653
7657
7659
7663
7664
7666
7669
7671
7685
7685
7690
7696
7706
7708
7714
7715
7720
7724
7730
7732
7733
7734
7735
7737
7742
7742
7750
7751
7753
7764
7770
7777
7780
7788
7797
7797
7800
7803
7803
7805
7808
7811
7829
7839
7848
7852
7853
7861
7862
7862
7862
7865
7866
7868
7874
7877
7884
7885
7886
7887
7890
7891
7899
7899
7905
7907
7908
7910
7914
7917
7917
7927
7933
7934
7939
7948
7950
7950
7951
7953
7953
7953
7957
7958
7966
7970
7987
7988
7989
7991
7994
7997
7998
8000
8008
8009
8011
8012
8012
8015
8018
8019
8019
8024
8027
8028
8030
8033
8036
8043
8045
8048
8050
8052
8058
8059
8060
8063
8064
8065
8065
8078
8082
8083
8086
8088
8088
8095
8108
8118
8119
8125
8126
8132
8133
8134
8139
8148
8150
8150
8150
8159
8165
8165
8165
8167
8167
8169
8171
8173
8175
8184
8185
8186
8186
8188
8196
8199
8205
8207
8211
8212
8216
8220
8230
8230
8231
8240
8245
8245
8249
8254
8256
8256
8260
8261
8263
8266
8276
8280
8281
8281
8283
8285
8285
8288
8290
8300
8305
8305
8309
8311
8320
8323
8330
8330
8331
8335
8345
8356
8357
8360
8372
8373
8379
8379
8380
8381
8382
8383
8388
8394
8399
8402
8405
8416
8426
8433
8436
8436
8442
8443
8448
8450
8450
8452
8457
8459
8460
8462
8462
8468
8470
8473
8476
8488
8493
8495
8496
8500
8502
8507
8519
8520
8522
8525
8526
8528
8539
8539
8540
8541
8545
8545
8548
8551
8552
8554
8555
8561
8564
8564
8569
8572
8574
8575
8580
8581
8584
8585
8594
8598
8599
8600
8607
8610
8613
8619
8620
8622
8630
8635
8635
8644
8644
8646
8648
8650
8654
8666
8667
8673
8674
8676
8682
8685
8689
8691
8694
8710
8713
8713
8714
8717
8719
8729
8731
8735
8740
8744
8756
8756
8765
8765
8765
8768
8770
8776
8780
8782
8782
8783
8793
8799
8803
8810
8814
8815
8818
8820
8823
8823
8824
8825
8826
8830
8832
8846
8847
8854
8855
8856
8861
8864
8866
8867
8868
8869
8872
8875
8877
8880
8884
8886
8888
8891
8895
8896
8911
8912
8914
8920
8920
8922
8922
8923
8924
8926
8928
8929
8929
8935
8944
8947
8951
8952
8954
8954
8955
8958
8959
8961
8965
8968
8971
8976
8977
8995
9001
9015
9023
9026
9031
9034
9034
9041
9042
9051
9059
9067
9067
9067
9070
9078
9081
9083
9086
9088
9090
9090
9092
9093
9095
9097
9111
9123
9127
9129
9131
9131
9135
9140
9141
9141
9145
9149
9150
9152
9154
9155
9165
9174
9182
9182
9199
9199
9201
9201
9203
9209
9210
9212
9219
9223
9223
9223
9226
9226
9229
9231
9232
9242
9246
9247
9255
9256
9257
9260
9260
9261
9262
9263
9265
9275
9279
9279
9279
9283
9283
9285
9294
9295
9295
9300
9303
9305
9309
9311
9313
9320
9324
9329
9333
9334
9334
9334
9335
9337
9342
9351
9353
9356
9361
9371
9371
9371
9376
9378
9379
9381
9389
9396
9397
9400
9400
9411
9417
9420
9428
9429
9433
9434
9436
9436
9437
9438
9440
9444
9446
9449
9456
9459
9459
9461
9467
9472
9474
9478
9482
9484
9489
9499
9504
9509
9511
9511
9518
9521
9523
9523
9527
9527
9531
9536
9536
9537
9538
9544
9544
9548
9551
9555
9561
9569
9578
9581
9585
9585
9586
9587
9590
9590
9591
9596
9603
9608
9609
9617
9625
9625
9626
9636
9639
9644
9644
9654
9656
9658
9661
9666
9670
9677
9677
9678
9680
9680
9682
9686
9686
9691
9703
9711
9714
9719
9724
9728
9729
9731
9736
9738
9740
9744
9750
9750
9754
9754
9763
9764
9765
9765
9778
9784
9786
9787
9792
9802
9810
9814
9814
9815
9821
9821
9822
9824
9827
9830
9832
9833
9843
9846
9857
9863
9863
9867
9868
9868
9870
9871
9874
9874
9880
9880
9883
9887
9888
9890
9891
9893
9903
9904
9907
9910
9913
9916
9917
9921
9929
9932
9936
9938
9938
9938
9939
9948
9956
9960
9960
9962
9963
9973
9973
9977
9981
9982
9984
9986
9987
9988
9990
9997
10002
10007
10010
10011
10013
10016
10016
10021
10021
10022
10024
10026
10027
10031
10031
10033
10034
10036
10038
10038
10041
10043
10043
10043
10045
10046
10046
10048
10052
10054
10059
10060
10060
10061
10064
10064
10066
10067
10073
10075
10080
10082
10082
10084
10089
10093
10098
10100
10100
10102
10103
10106
10108
10112
10122
10122
10123
10126
10126
10133
10135
10135
10143
10143
10146
10153
10157
10161
10181
10189
10190
10198
10198
10203
10206
10211
10214
10216
10218
10219
10224
10236
10237
10239
10240
10246
10247
10254
10257
10257
10262
10263
10264
10265
10268
10270
10272
10273
10276
10278
10283
10285
10286
10289
10305
10308
10309
10314
10319
10323
10325
10326
10327
10332
10343
10350
10352
10353
10357
10370
10371
10377
10378
10379
10383
10388
10390
10390
10394
10402
10403
10405
10410
10410
10413
10419
10419
10421
10423
10423
10424
10426
10429
10431
10433
10436
10446
10450
10451
10455
10457
10459
10459
10464
10478
10480
10482
10482
10485
10486
10488
10495
10501
10504
10506
10508
10510
10527
10527
10536
10544
10545
10552
10553
10556
10558
10558
10562
10566
10566
10567
10568
10571
10574
10580
10585
10589
10590
10601
10602
10602
10607
10615
10617
10618
10622
10624
10625
10627
10634
10643
10643
10646
10646
10649
10653
10653
10661
10667
10676
10676
10681
10685
10685
10687
10689
10696
10697
10707
10707
10709
10712
10712
10714
10714
10718
10724
10725
10726
10729
10729
10733
10741
10743
10743
10747
10748
10748
10751
10757
10758
10764
10772
10776
10776
10778
10779
10781
10781
10785
10792
10798
10799
10800
10801
10801
10804
10805
10808
10811
10816
10817
10822
10823
10826
10827
10827
10827
10837
10839
10840
10840
10841
10844
10845
10846
10848
10848
10852
10860
10863
10864
10865
10867
10867
10868
10868
10876
10885
10885
10886
10894
10894
10895
10898
10899
10901
10901
10911
10911
10912
10914
10914
10918
10928
10936
10938
10938
10939
10951
10952
10952
10955
10955
10963
10964
10965
10965
10966
10973
10976
10977
10978
10986
10988
10998
11003
11005
11007
11008
11010
11017
11019
11021
11023
11026
11027
11030
11031
11035
11038
11041
11042
11043
11043
11044
11055
11060
11061
11063
11066
11067
11073
11084
11088
11098
11101
11107
11113
11115
11121
11124
11128
11131
11141
11141
11142
11146
11149
11150
11153
11154
11155
11158
11163
11165
11165
11165
11167
11176
11179
11183
11187
11191
11192
11193
11196
11196
11205
11208
11208
11221
11221
11226
11227
11228
11230
11230
11231
11232
11233
11239
11240
11246
11249
11250
11251
11253
11256
11259
11263
11264
11266
11273
11274
11277
11279
11279
11293
11295
11297
11299
11307
11309
11313
11314
11316
11319
11321
11321
11323
11330
11334
11336
11336
11337
11337
11340
11345
11350
11353
11353
11356
11360
11372
11374
11375
11382
11389
11392
11396
11397
11410
11410
11411
11415
11422
11425
11426
11433
11438
11439
11439
11444
11446
11446
11449
11450
11451
11452
11454
11455
11457
11458
11464
11467
11469
11472
11473
11476
11477
11481
11484
11484
11486
11489
11493
11510
11529
11532
11532
11538
11540
11541
11543
11544
11550
11551
11554
11555
11556
11557
11558
11564
11565
11566
11567
11582
11583
11599
11599
11600
11600
11609
11610
11615
11617
11618
11635
11635
11635
11639
11644
11646
11650
11652
11659
11659
11671
11671
11687
11692
11692
11694
11694
11694
11696
11696
11698
11700
11702
11703
11716
11722
11731
11734
11736
11736
11740
11743
11743
11744
11744
11744
11749
11758
11762
11762
11770
11771
11772
11775
11780
11784
11785
11788
11792
11795
11805
11807
11807
11808
11808
11810
11815
11825
11825
11825
11831
11840
11845
11849
11849
11851
11851
11853
11854
11855
11859
11860
11863
11863
11864
11866
11868
11870
11873
11876
11879
11880
11885
11888
11893
11895
11897
11898
11899
11900
11900
11909
11916
11923
11923
11924
11926
11926
11933
11933
11935
11935
11939
11942
11944
11947
11947
11950
11950
11954
11955
11957
11966
11966
11967
11970
11973
11974
11975
11981
11988
11992
12004
12008
12009
12009
12009
12014
12016
12020
12024
12025
12028
12030
12031
12032
12035
12040
12042
12044
12051
12051
12057
12060
12061
12062
12069
12089
12089
12094
12097
12103
12103
12108
12112
12112
12113
12113
12115
12123
12134
12136
12136
12140
12141
12142
12146
12149
12156
12156
12157
12157
12158
12159
12162
12169
12171
12178
12178
12186
12187
12188
12197
12202
12207
12209
12209
12212
12214
12217
12221
12225
12229
12232
12234
12239
12243
12243
12245
12253
12255
12257
12260
12260
12261
12264
12266
12268
12273
12276
12284
12289
12303
12304
12314
12316
12316
12317
12323
12324
12325
12330
12336
12342
12346
12350
12352
12355
12360
12363
12366
12369
12369
12375
12377
12378
12378
12379
12380
12384
12388
12393
12393
12394
12396
12396
12400
12402
12406
12406
12412
12414
12422
12424
12425
12426
12427
12430
12431
12431
12434
12447
12448
12450
12450
12451
12453
12456
12457
12460
12461
12463
12476
12476
12477
12478
12480
12486
12490
12494
12495
12496
12497
12500
12503
12505
12505
12506
12517
12524
12545
12545
12547
12547
12551
12552
12553
12558
12563
12566
12572
12579
12588
12588
12599
12600
12601
12602
12603
12604
12604
12606
12612
12614
12616
12617
12618
12620
12628
12628
12631
12631
12633
12634
12636
12636
12651
12651
12654
12657
12666
12668
12669
12674
12677
12686
12695
12699
12704
12708
12709
12710
12710
12711
12711
12717
12718
12724
12729
12733
12736
12736
12736
12740
12750
12754
12757
12758
12767
12768
12772
12773
12774
12777
12778
12779
12784
12791
12792
12792
12793
12795
12799
12803
12808
12818
12820
12820
12822
12823
12824
12833
12837
12841
12846
12857
12860
12860
12863
12865
12866
12870
12873
12874
12874
12876
12890
12892
12901
12905
12908
12908
12910
12914
12914
12916
12918
12920
12921
12928
12936
12944
12947
12950
12950
12954
12954
12954
12956
12958
12962
12965
12968
12969
12973
12981
12982
12982
12995
12998
12999
13000
13002
13005
13006
13014
13016
13022
13023
13033
13041
13051
13057
13059
13062
13068
13071
13074
13074
13081
13086
13086
13088
13089
13097
13097
13105
13109
13116
13117
13120
13121
13125
13132
13134
13134
13138
13139
13142
13144
13148
13150
13154
13157
13157
13158
13165
13166
13168
13171
13174
13197
13203
13205
13205
13208
13211
13216
13218
13219
13221
13222
13223
13224
13227
13232
13237
13243
13245
13251
13251
13253
13256
13257
13258
13258
13259
13260
13262
13263
13263
13266
13268
13281
13287
13287
13291
13292
13293
13294
13295
13299
13299
13301
13304
13306
13307
13317
13321
13328
13332
13336
13337
13337
13339
13347
13352
13356
13369
13370
13372
13372
13372
13374
13379
13381
13389
13399
13403
13415
13416
13422
13423
13425
13430
13437
13440
13442
13454
13464
13469
13470
13476
13477
13488
13490
13491
13493
13499
13499
13506
13513
13515
13519
13520
13530
13532
13534
13540
13542
13548
13557
13575
13582
13583
13592
13596
13601
13604
13607
13615
13624
13631
13633
13636
13640
13650
13657
13660
13660
13663
13670
13675
13679
13681
13681
13685
13686
13689
13692
13701
13703
13713
13714
13717
13719
13722
13725
13727
13728
13729
13741
13744
13745
13748
13751
13753
13758
13763
13766
13768
13781
13781
13784
13791
13794
13794
13796
13796
13797
13798
13805
13809
13814
13819
13821
13824
13828
13828
13829
13838
13842
13846
13848
13854
13857
13858
13860
13866
13871
13873
13873
13875
13876
13876
13877
13886
13893
13893
13895
13902
13908
13916
13920
13921
13922
13923
13927
13929
13936
13942
13943
13943
13944
13950
13954
13966
13971
13971
13972
13974
13977
13978
13982
13984
13985
13990
13995
13995
14000
14004
14005
14006
14009
14013
14018
14020
14022
14022
14022
14027
14029
14030
14032
14035
14039
14043
14047
14062
14062
14062
14063
14063
14066
14066
14070
14072
14075
14075
14076
14079
14080
14089
14089
14092
14093
14107
14113
14115
14119
14124
14128
14128
14129
14130
14137
14138
14141
14141
14152
14156
14166
14170
14170
14170
14175
14182
14184
14184
14186
14194
14194
14194
14199
14202
14206
14209
14212
14213
14223
14224
14227
14228
14234
14237
14244
14254
14256
14259
14266
14268
14270
14274
14274
14278
14284
14287
14289
14298
14301
14304
14321
14328
14332
14332
14340
14340
14348
14350
14352
14352
14356
14359
14361
14375
14377
14378
14379
14380
14382
14388
14389
14391
14391
14392
14393
14394
14397
14398
14400
14403
14405
14414
14419
14420
14420
14421
14429
14432
14433
14443
14444
14444
14446
14447
14455
14459
14464
14465
14472
14479
14483
14487
14495
14495
14502
14503
14507
14512
14516
14526
14529
14532
14533
14536
14539
14540
14544
14546
14548
14549
14552
14561
14567
14568
14568
14569
14572
14581
14585
14593
14595
14600
14600
14604
14605
14610
14610
14618
14622
14623
14624
14627
14629
14635
14635
14636
14638
14649
14650
14651
14654
14656
14656
14659
14661
14669
14671
14676
14678
14681
14683
14685
14688
14699
14702
14710
14726
14726
14729
14729
14733
14736
14737
14741
14745
14748
14750
14757
14758
14763
14769
14774
14775
14776
14783
14783
14784
14785
14791
14793
14796
14797
14801
14805
14811
14814
14817
14828
14828
14829
14830
14831
14835
14836
14838
14841
14847
14850
14851
14852
14854
14856
14862
14867
14869
14872
14876
14877
14883
14884
14885
14885
14889
14891
14901
14904
14911
14916
14917
14926
14927
14931
14933
14935
14936
14937
14941
14941
14942
14943
14950
14958
14958
14960
14963
14964
14968
14969
14973
14983
14984
14990
14991
14992
14994
14998
15010
15012
15013
15014
15014
15025
15025
15026
15027
15035
15037
15043
15046
15047
15054
15059
15062
15068
15071
15073
15074
15076
15077
15078
15079
15081
15084
15090
15091
15091
15098
15104
15105
15113
15117
15120
15123
15125
15126
15127
15129
15134
15137
15140
15145
15147
15147
15150
15156
15160
15161
15162
15171
15173
15174
15177
15177
15179
15181
15182
15182
15188
15193
15194
15203
15204
15204
15205
15206
15207
15209
15218
15218
15225
15233
15237
15243
15245
15246
15247
15254
15265
15265
15269
15270
15279
15285
15286
15286
15290
15294
15299
15302
15306
15307
15309
15309
15309
15310
15311
15312
15312
15315
15322
15322
15324
15329
15332
15332
15332
15335
15335
15339
15343
15343
15348
15353
15359
15359
15370
15372
15375
15377
15378
15382
15383
15386
15386
15388
15391
15392
15400
15407
15407
15408
15408
15409
15416
15416
15419
15423
15425
15429
15437
15439
15440
15442
15443
15448
15452
15457
15459
15465
15472
15472
15476
15478
15479
15480
15485
15492
15500
15500
15501
15505
15508
15510
15521
15523
15526
15527
15531
15539
15540
15543
15547
15551
15556
15561
15561
15567
15569
15571
15579
15580
15583
15583
15584
15590
15592
15594
15595
15599
15601
15603
15608
15609
15617
15618
15621
15621
15626
15629
15637
15640
15643
15645
15647
15651
15653
15653
15653
15661
15662
15665
15667
15668
15673
15676
15677
15683
15686
15691
15693
15693
15695
15695
15698
15702
15704
15708
15712
15717
15725
15731
15732
15734
15736
15736
15738
15741
15745
15748
15749
15752
15754
15755
15760
15764
15767
15768
15771
15772
15777
15782
15784
15791
15791
15794
15796
15797
15800
15804
15804
15812
15827
15829
15830
15836
15837
15841
15846
15849
15849
15849
15853
15853
15857
15860
15861
15869
15874
15876
15883
15889
15897
15899
15904
15904
15906
15909
15912
15913
15921
15923
15924
15925
15925
15930
15934
15936
15948
15948
15949
15949
15952
15953
15954
15956
15957
15957
15963
15964
15964
15967
15974
15976
15981
15986
15995
15997
16005
16006
16028
16031
16031
16038
16038
16038
16043
16044
16045
16046
16046
16047
16050
16050
16055
16060
16061
16065
16066
16067
16069
16073
16078
16079
16081
16084
16086
16088
16088
16089
16093
16093
16102
16109
16115
16115
16122
16127
16127
16128
16128
16130
16133
16133
16141
16142
16142
16144
16149
16149
16150
16155
16158
16159
16174
16175
16176
16177
16183
16185
16187
16189
16190
16191
16196
16199
16202
16203
16205
16205
16206
16210
16211
16212
16217
16221
16224
16228
16233
16233
16236
16236
16238
16243
16245
16248
16252
16253
16255
16261
16263
16267
16270
16275
16277
16282
16283
16283
16286
16288
16294
16296
16299
16299
16300
16304
16307
16309
16309
16311
16313
16327
16330
16338
16342
16349
16355
16364
16368
16369
16369
16369
16369
16371
16372
16375
16378
16380
16386
16387
16388
16389
16390
16392
16405
16406
16418
16422
16425
16427
16427
16427
16435
16438
16439
16445
16446
16449
16457
16464
16465
16473
16478
16481
16484
16485
16485
16487
16490
16493
16497
16500
16501
16504
16507
16510
16518
16521
16521
16527
16527
16528
16532
16536
16544
16549
16550
16560
16564
16566
16567
16568
16569
16570
16574
16590
16591
16605
16608
16619
16632
16637
16638
16639
16643
16646
16649
16653
16656
16667
16667
16675
16678
16679
16679
16682
16683
16683
16684
16687
16693
16693
16695
16701
16714
16716
16725
16726
16727
16732
16738
16742
16743
16746
16763
16769
16773
16776
16778
16779
16780
16784
16787
16790
16797
16808
16808
16815
16819
16822
16827
16830
16830
16832
16837
16838
16848
16852
16853
16859
16864
16864
16868
16874
16884
16885
16886
16887
16896
16897
16901
16902
16909
16918
16920
16926
16926
16930
16938
16944
16953
16954
16954
16956
16960
16961
16967
16967
16971
16973
16981
16988
16989
16994
16995
16996
16998
16999
17001
17001
17005
17008
17022
17024
17024
17030
17031
17032
17035
17037
17041
17044
17045
17051
17054
17061
17062
17065
17073
17081
17098
17103
17103
17108
17111
17113
17115
17115
17120
17120
17125
17128
17131
17132
17135
17136
17139
17140
17142
17147
17153
17156
17162
17165
17165
17168
17171
17173
17174
17175
17176
17176
17177
17178
17179
17179
17181
17185
17187
17187
17189
17191
17193
17194
17196
17197
17200
17203
17207
17209
17216
17235
17237
17239
17243
17243
17246
17247
17252
17257
17276
17277
17282
17285
17286
17286
17288
17295
17297
17300
17307
17308
17314
17315
17317
17319
17320
17321
17327
17327
17330
17334
17337
17338
17339
17340
17342
17343
17343
17354
17354
17356
17358
17361
17364
17365
17365
17368
17370
17371
17371
17371
17373
17378
17378
17382
17388
17392
17392
17396
17408
17409
17436
17436
17437
17438
17439
17445
17449
17458
17461
17463
17465
17466
17467
17468
17468
17469
17473
17474
17475
17478
17479
17479
17482
17483
17488
17491
17492
17493
17493
17498
17500
17509
17514
17519
17521
17526
17528
17540
17542
17543
17545
17553
17554
17556
17558
17560
17561
17563
17566
17568
17570
17578
17578
17581
17584
17591
17594
17598
17598
17599
17599
17612
17613
17616
17619
17621
17622
17629
17632
17637
17638
17638
17641
17641
17648
17649
17650
17652
17657
17663
17666
17671
17671
17682
17683
17683
17683
17685
17687
17699
17702
17704
17709
17714
17717
17720
17720
17728
17729
17732
17732
17735
17735
17739
17741
17743
17748
17748
17750
17754
17754
17756
17758
17761
17766
17771
17776
17779
17781
17782
17788
17790
17793
17798
17802
17805
17805
17813
17816
17817
17819
17823
17825
17826
17826
17830
17848
17850
17853
17854
17857
17862
17865
17872
17901
17907
17908
17911
17917
17942
17945
17946
17955
17963
17966
17976
17984
17985
17990
17996
18007
18011
18014
18020
18020
18023
18026
18029
18032
18036
18036
18038
18041
18046
18046
18048
18055
18055
18057
18058
18061
18065
18066
18073
18073
18073
18074
18077
18081
18081
18084
18088
18089
18090
18091
18098
18099
18100
18104
18107
18110
18114
18122
18123
18123
18123
18130
18134
18135
18136
18140
18145
18145
18145
18158
18165
18169
18178
18183
18183
18185
18186
18188
18190
18190
18192
18193
18201
18206
18212
18213
18215
18216
18226
18228
18233
18242
18244
18244
18247
18252
18266
18266
18267
18270
18273
18286
18288
18295
18300
18301
18302
18306
18314
18314
18314
18315
18324
18324
18326
18330
18332
18334
18340
18342
18343
18344
18346
18347
18354
18355
18357
18358
18361
18363
18370
18371
18372
18374
18374
18376
18376
18376
18387
18401
18404
18409
18413
18414
18418
18418
18423
18426
18428
18451
18452
18453
18456
18459
18461
18465
18468
18477
18485
18486
18495
18498
18503
18507
18511
18513
18520
18528
18533
18537
18537
18545
18549
18552
18553
18554
18554
18558
18563
18568
18570
18571
18571
18572
18575
18577
18583
18588
18588
18599
18602
18609
18610
18611
18620
18627
18627
18628
18628
18631
18633
18636
18646
18648
18650
18652
18653
18657
18658
18660
18660
18661
18664
18664
18666
18667
18670
18674
18677
18687
18688
18694
18694
18696
18696
18697
18706
18712
18718
18719
18722
18722
18724
18724
18736
18739
18744
18757
18758
18774
18776
18778
18779
18784
18785
18789
18793
18808
18810
18813
18816
18817
18822
18825
18827
18830
18831
18840
18843
18844
18844
18851
18852
18853
18856
18860
18871
18873
18874
18881
18884
18886
18888
18893
18896
18903
18905
18911
18917
18917
18920
18923
18923
18923
18932
18933
18933
18937
18945
18951
18952
18955
18955
18957
18962
18963
18964
18968
18973
18975
18977
18984
18990
19004
19006
19006
19007
19007
19013
19013
19017
19018
19022
19024
19034
19035
19060
19060
19068
19071
19075
19077
19082
19089
19090
19093
19093
19094
19100
19101
19102
19107
19115
19116
19125
19128
19128
19129
19130
19141
19141
19144
19153
19157
19159
19159
19161
19166
19168
19169
19170
19172
19184
19189
19191
19194
19201
19205
19206
19212
19214
19216
19216
19219
19223
19227
19227
19228
19234
19236
19239
19239
19240
19240
19241
19242
19243
19245
19250
19254
19257
19257
19263
19269
19270
19272
19282
19282
19284
19285
19287
19289
19296
19297
19300
19312
19312
19313
19323
19323
19325
19332
19333
19334
19335
19340
19354
19354
19357
19364
19364
19366
19368
19372
19374
19378
19391
19394
19394
19402
19408
19421
19422
19422
19433
19437
19437
19443
19444
19445
19449
19450
19451
19452
19454
19456
19457
19469
19472
19473
19474
19476
19480
19483
19484
19484
19486
19486
19489
19493
19498
19513
19515
19516
19528
19529
19531
19533
19534
19536
19538
19539
19539
19541
19545
19552
19566
19568
19570
19575
19577
19578
19582
19586
19589
19593
19597
19601
19606
19612
19612
19618
19620
19623
19628
19630
19637
19648
19654
19655
19655
19655
19658
19661
19664
19666
19668
19672
19676
19678
19680
19683
19685
19687
19689
19698
19698
19700
19707
19711
19712
19712
19712
19716
19718
19718
19719
19723
19736
19738
19739
19741
19745
19747
19752
19752
19755
19757
19758
19758
19759
19770
19771
19775
19777
19778
19778
19779
19779
19782
19784
19785
19789
19792
19793
19793
19794
19795
19799
19800
19801
19806
19807
19810
19811
19811
19812
19815
19824
19828
19829
19830
19853
19854
19857
19859
19860
19862
19872
19880
19881
19886
19888
19896
19896
19900
19907
19912
19912
19915
19919
19919
19920
19924
19924
19925
19928
19934
19938
19940
19943
19951
19951
19951
19954
19958
19958
19958
19958
19958
19959
19960
19964
19964
19974
19978
19985
20000
20002
20003
20003
20013
20015
20016
20017
20017
20018
20024
20027
20030
20040
20040
20043
20047
20059
20059
20064
20068
20068
20072
20076
20077
20080
20082
20087
20092
20093
20097
20107
20111
20124
20124
20124
20126
20127
20128
20131
20134
20135
20137
20138
20140
20141
20141
20144
20154
20164
20165
20165
20166
20171
20181
20181
20183
20184
20185
20186
20187
20190
20193
20213
20224
20225
20226
20227
20229
20230
20232
20237
20239
20241
20245
20245
20246
20253
20253
20258
20264
20273
20274
20274
20282
20287
20287
20288
20291
20295
20299
20299
20300
20300
20303
20310
20314
20325
20329
20333
20333
20337
20341
20342
20343
20347
20348
20351
20356
20359
20360
20361
20361
20362
20365
20367
20369
20374
20379
20380
20382
20382
20386
20391
20393
20411
20412
20414
20414
20415
20417
20420
20425
20427
20428
20432
20432
20436
20438
20443
20447
20448
20452
20452
20454
20455
20458
20472
20475
20479
20480
20483
20498
20511
20516
20517
20526
20531
20532
20533
20534
20535
20545
20551
20558
20565
20567
20568
20569
20571
20580
20586
20590
20590
20592
20593
20594
20595
20596
20597
20602
20602
20605
20605
20608
20613
20619
20624
20625
20630
20635
20639
20642
20666
20667
20668
20676
20680
20684
20688
20701
20701
20702
20704
20704
20704
20706
20706
20708
20709
20709
20710
20716
20717
20719
20727
20730
20741
20746
20747
20748
20750
20752
20756
20759
20772
20775
20782
20788
20791
20794
20795
20795
20796
20796
20801
20804
20807
20808
20824
20825
20834
20840
20843
20846
20850
20851
20852
20857
20857
20863
20866
20867
20871
20874
20875
20875
20880
20883
20883
20885
20888
20889
20890
20895
20897
20901
20910
20911
20911
20912
20914
20915
20918
20919
20925
20927
20928
20942
20943
20943
20944
20947
20950
20953
20957
20957
20968
20971
20975
20985
20989
20989
20997
20999
20999
21006
21012
21015
21017
21022
21023
21023
21030
21033
21038
21039
21041
21043
21046
21052
21053
21056
21059
21059
21068
21071
21071
21076
21076
21082
21083
21086
21088
21095
21096
21097
21100
21102
21102
21103
21109
21110
21111
21116
21127
21129
21130
21134
21136
21138
21139
21140
21147
21149
21156
21160
21160
21164
21165
21168
21169
21171
21172
21173
21175
21176
21177
21183
21187
21188
21198
21204
21206
21211
21214
21216
21218
21220
21228
21229
21237
21241
21246
21247
21259
21260
21264
21266
21267
21267
21268
21270
21271
21273
21274
21276
21280
21289
21295
21295
21308
21308
21318
21321
21323
21325
21325
21326
21337
21340
21347
21360
21361
21362
21363
21364
21366
21366
21368
21375
21385
21397
21408
21409
21413
21414
21425
21427
21428
21429
21430
21432
21432
21432
21433
21435
21435
21438
21442
21453
21459
21460
21460
21461
21462
21465
21466
21467
21469
21473
21475
21483
21486
21487
21488
21490
21494
21497
21500
21500
21506
21507
21512
21517
21520
21523
21528
21528
21529
21538
21542
21554
21564
21567
21569
21570
21578
21585
21590
21605
21614
21620
21621
21621
21622
21625
21625
21637
21639
21639
21643
21649
21651
21653
21653
21655
21655
21656
21664
21667
21667
21671
21678
21682
21683
21688
21691
21692
21694
21697
21697
21697
21701
21706
21709
21710
21712
21716
21719
21725
21725
21725
21726
21731
21731
21731
21738
21742
21750
21754
21760
21761
21765
21765
21772
21772
21774
21774
21781
21781
21782
21783
21783
21796
21800
21803
21808
21811
21816
21821
21823
21826
21827
21832
21833
21837
21839
21839
21849
21856
21864
21867
21872
21872
21873
21878
21879
21887
21888
21896
21903
21912
21916
21918
21924
21928
21931
21939
21940
21949
21951
21951
21952
21953
21954
21954
21958
21961
21963
21963
21966
21971
21972
21972
21979
21981
21982
21990
21990
21992
21993
21995
21996
21998
22000
22017
22020
22026
22030
22030
22038
22044
22045
22047
22053
22057
22064
22084
22084
22089
22093
22096
22100
22101
22101
22102
22103
22105
22111
22111
22112
22112
22115
22116
22121
22122
22136
22141
22148
22155
22155
22159
22168
22172
22174
22179
22179
22185
22186
22190
22192
22193
22211
22216
22222
22230
22233
22236
22245
22247
22248
22251
22252
22253
22254
22257
22262
22262
22264
22266
22266
22270
22270
22272
22272
22284
22284
22288
22290
22295
22302
22311
22312
22321
22323
22326
22330
22332
22336
22338
22342
22345
22350
22360
22364
22376
22380
22380
22384
22387
22397
22399
22403
22404
22409
22413
22416
22418
22420
22422
22422
22434
22439
22450
22451
22453
22463
22469
22469
22470
22473
22475
22486
22489
22491
22492
22493
22502
22503
22504
22505
22506
22506
22521
22522
22523
22528
22535
22535
22536
22537
22538
22539
22540
22541
22541
22541
22547
22552
22555
22560
22560
22561
22561
22570
22571
22581
22584
22584
22585
22588
22589
22590
22592
22599
22606
22610
22610
22613
22621
22622
22624
22625
22631
22636
22637
22638
22641
22641
22642
22643
22647
22651
22652
22653
22653
22657
22659
22666
22667
22668
22670
22673
22677
22680
22682
22682
22686
22686
22689
22690
22693
22700
22701
22702
22706
22708
22716
22728
22734
22737
22739
22743
22746
22747
22751
22754
22765
22767
22769
22770
22774
22778
22789
22790
22791
22796
22796
22797
22800
22806
22807
22807
22808
22809
22810
22813
22813
22814
22815
22815
22815
22818
22818
22819
22822
22826
22826
22829
22832
22832
22834
22835
22835
22836
22838
22844
22848
22850
22852
22853
22854
22857
22866
22870
22873
22875
22876
22876
22878
22895
22898
22901
22906
22908
22916
22917
22917
22918
22918
22920
22925
22925
22927
22928
22930
22935
22936
22944
22944
22945
22951
22954
22955
22958
22959
22960
22961
22965
22966
22967
22971
22972
22974
22978
22984
22984
22986
22998
23002
23002
23003
23004
23010
23011
23013
23017
23023
23025
23025
23029
23031
23032
23033
23034
23037
23038
23040
23040
23042
23047
23048
23049
23051
23053
23057
23058
23063
23065
23071
23073
23077
23077
23080
23082
23089
23089
23090
23091
23093
23098
23099
23104
23105
23105
23107
23108
23110
23113
23114
23115
23116
23126
23129
23133
23134
23136
23145
23148
23149
23150
23156
23164
23168
23170
23171
23177
23180
23181
23183
23184
23185
23186
23187
23188
23191
23192
23195
23198
23201
23203
23206
23207
23208
23213
23217
23219
23224
23225
23225
23243
23245
23245
23246
23247
23248
23249
23250
23255
23259
23260
23264
23269
23274
23274
23274
23282
23283
23285
23286
23287
23303
23304
23307
23308
23308
23319
23324
23325
23326
23329
23329
23331
23338
23342
23342
23343
23344
23358
23362
23366
23370
23375
23376
23377
23384
23389
23389
23397
23397
23399
23399
23404
23406
23413
23415
23422
23424
23425
23427
23434
23434
23441
23448
23453
23455
23455
23457
23458
23459
23468
23471
23471
23475
23476
23476
23476
23476
23478
23481
23483
23483
23487
23490
23492
23494
23495
23497
23502
23503
23505
23505
23514
23524
23525
23534
23535
23551
23554
23559
23563
23564
23565
23569
23576
23590
23590
23592
23597
23604
23605
23623
23626
23628
23630
23633
23635
23636
23637
23638
23645
23645
23653
23654
23658
23658
23660
23664
23665
23665
23667
23668
23671
23677
23681
23683
23686
23688
23689
23697
23698
23700
23701
23705
23709
23711
23713
23718
23719
23719
23723
23725
23728
23730
23737
23741
23754
23755
23761
23762
23763
23767
23772
23773
23774
23776
23783
23783
23791
23793
23793
23794
23796
23797
23799
23800
23804
23804
23805
23805
23806
23808
23809
23811
23817
23818
23818
23821
23823
23824
23824
23825
23826
23835
23839
23850
23852
23855
23856
23858
23859
23863
23865
23865
23866
23874
23877
23878
23887
23889
23891
23891
23894
23897
23900
23901
23902
23906
23908
23914
23918
23923
23924
23925
23928
23930
23932
23944
23947
23950
23951
23953
23958
23959
23965
23966
23969
23975
23978
23978
23988
23988
23997
23998
24002
24004
24009
24011
24016
24018
24019
24024
24026
24026
24032
24034
24034
24045
24045
24045
24050
24060
24062
24075
24078
24083
24085
24095
24098
24101
24103
24104
24107
24108
24115
24116
24116
24119
24120
24125
24127
24132
24132
24136
24138
24141
24144
24157
24162
24168
24174
24177
24180
24180
24183
24183
24192
24195
24200
24206
24208
24214
24216
24216
24220
24222
24227
24229
24239
24248
24248
24249
24250
24254
24255
24258
24260
24268
24274
24275
24277
24277
24279
24279
24282
24282
24283
24287
24297
24299
24301
24305
24315
24322
24329
24332
24341
24341
24342
24346
24349
24356
24361
24364
24371
24371
24373
24374
24376
24377
24381
24387
24389
24389
24390
24391
24391
24400
24403
24405
24405
24416
24424
24426
24426
24426
24428
24429
24432
24432
24434
24436
24438
24440
24440
24441
24443
24443
24447
24447
24447
24449
24457
24459
24465
24468
24471
24475
24481
24487
24500
24501
24509
24510
24510
24511
24518
24520
24521
24524
24525
24526
24528
24533
24538
24538
24541
24543
24544
24545
24548
24551
24551
24555
24561
24567
24574
24574
24577
24577
24578
24579
24583
24583
24585
24587
24589
24590
24594
24594
24598
24598
24616
24624
24625
24626
24626
24626
24631
24636
24638
24645
24649
24656
24658
24663
24663
24667
24668
24668
24672
24675
24676
24678
24682
24685
24687
24697
24705
24708
24711
24714
24719
24723
24723
24725
24727
24732
24734
24736
24736
24741
24742
24751
24751
24751
24755
24755
24768
24772
24774
24774
24779
24779
24784
24784
24789
24791
24795
24795
24797
24799
24799
24804
24804
24807
24811
24814
24814
24819
24822
24825
24829
24829
24833
24837
24839
24841
24848
24848
24861
24865
24867
24871
24878
24878
24881
24883
24887
24893
24896
24898
24898
24899
24902
24904
24912
24913
24914
24915
24917
24918
24919
24919
24919
24922
24927
24930
24930
24931
24932
24933
24935
24942
24945
24948
24949
24950
24961
24961
24967
24968
24971
24972
24974
24978
24979
24980
24982
24984
24985
24987
24987
24988
24991
24998
24999
25006
25011
25012
25013
25014
25019
25024
25024
25027
25028
25035
25038
25040
25043
25044
25048
25049
25050
25055
25057
25063
25063
25065
25066
25081
25093
25098
25100
25106
25113
25117
25120
25124
25130
25134
25136
25136
25139
25141
25142
25147
25152
25154
25155
25155
25157
25158
25161
25163
25167
25169
25171
25179
25181
25183
25183
25185
25186
25190
25195
25196
25197
25198
25198
25199
25206
25216
25216
25218
25219
25222
25223
25223
25230
25233
25234
25237
25239
25244
25244
25247
25247
25248
25251
25251
25254
25259
25261
25261
25266
25267
25267
25269
25278
25280
25281
25291
25294
25295
25298
25302
25303
25304
25304
25308
25309
25310
25311
25326
25328
25332
25333
25334
25334
25334
25336
25342
25345
25345
25346
25352
25354
25358
25365
25371
25373
25380
25382
25383
25384
25389
25398
25408
25409
25410
25418
25419
25426
25428
25430
25431
25432
25433
25433
25438
25440
25440
25446
25454
25454
25455
25457
25467
25469
25471
25472
25473
25473
25477
25478
25483
25483
25483
25490
25492
25497
25500
25501
25501
25502
25504
25510
25511
25511
25515
25515
25519
25521
25523
25524
25524
25534
25535
25546
25554
25554
25556
25556
25556
25559
25562
25562
25562
25573
25577
25579
25583
25592
25593
25595
25607
25613
25617
25617
25629
25631
25634
25636
25640
25643
25644
25648
25648
25652
25654
25657
25669
25673
25673
25675
25679
25682
25685
25694
25695
25705
25706
25708
25708
25710
25711
25723
25723
25725
25726
25728
25728
25731
25731
25738
25740
25740
25743
25743
25743
25744
25745
25746
25746
25747
25749
25749
25749
25750
25755
25762
25773
25773
25773
25774
25775
25775
25779
25788
25789
25792
25795
25796
25802
25808
25811
25812
25813
25814
25816
25818
25821
25825
25827
25834
25839
25844
25847
25850
25863
25864
25866
25868
25884
25887
25900
25905
25906
25914
25917
25917
25918
25918
25918
25920
25921
25926
25929
25929
25930
25932
25933
25939
25941
25950
25955
25955
25956
25960
25962
25965
25967
25970
25973
25978
25979
25982
25982
25988
25990
25992
25993
26002
26003
26009
26010
26015
26016
26017
26018
26018
26022
26025
26032
26034
26035
26039
26041
26044
26044
26046
26046
26048
26050
26050
26051
26054
26056
26057
26059
26060
26065
26066
26076
26076
26081
26095
26096
26097
26099
26107
26107
26121
26131
26132
26136
26137
26138
26147
26151
26155
26157
26159
26163
26165
26181
26183
26183
26185
26190
26192
26196
26200
26209
26210
26213
26220
26225
26226
26227
26230
26230
26233
26236
26238
26246
26255
26255
26260
26262
26268
26275
26275
26279
26282
26283
26284
26290
26292
26296
26300
26305
26318
26319
26325
26325
26332
26332
26332
26340
26343
26346
26346
26347
26348
26349
26359
26360
26365
26368
26376
26382
26385
26389
26394
26395
26397
26400
26412
26414
26415
26416
26417
26417
26419
26419
26426
26439
26441
26443
26444
26445
26448
26459
26466
26471
26479
26483
26484
26485
26487
26487
26496
26499
26500
26510
26510
26512
26516
26516
26521
26521
26522
26527
26532
26536
26540
26544
26547
26547
26548
26552
26554
26564
26565
26566
26574
26575
26575
26581
26586
26591
26599
26600
26602
26605
26605
26611
26614
26618
26621
26623
26636
26637
26639
26641
26642
26643
26646
26647
26651
26657
26664
26664
26667
26672
26675
26678
26678
26684
26695
26695
26696
26703
26703
26706
26707
26708
26714
26714
26716
26717
26722
26725
26729
26733
26737
26740
26742
26744
26745
26747
26749
26755
26759
26762
26774
26779
26779
26780
26793
26797
26800
26804
26804
26807
26813
26816
26824
26827
26829
26834
26835
26836
26836
26841
26843
26846
26861
26866
26866
26868
26869
26872
26873
26876
26880
26882
26890
26896
26896
26898
26902
26902
26903
26905
26910
26910
26911
26911
26919
26922
26928
26929
26931
26931
26937
26939
26948
26953
26962
26970
26972
26975
26976
26976
26978
26984
26988
26989
26994
27000
27000
27002
27003
27008
27009
27009
27011
27014
27017
27017
27021
27022
27024
27030
27031
27037
27042
27042
27043
27054
27061
27064
27066
27074
27075
27077
27080
27083
27092
27098
27099
27101
27106
27108
27108
27110
27119
27124
27128
27132
27143
27145
27157
27159
27159
27159
27165
27179
27185
27187
27200
27205
27207
27213
27214
27215
27219
27223
27232
27237
27240
27242
27247
27251
27258
27259
27260
27263
27268
27270
27278
27279
27283
27286
27287
27292
27293
27293
27295
27298
27298
27299
27300
27301
27301
27302
27303
27304
27310
27311
27312
27316
27320
27321
27322
27324
27328
27329
27330
27331
27336
27344
27345
27347
27348
27358
27364
27369
27388
27388
27390
27394
27394
27396
27404
27405
27405
27414
27416
27416
27417
27420
27425
27425
27428
27434
27436
27438
27438
27441
27449
27449
27450
27450
27452
27452
27457
27459
27461
27462
27465
27465
27466
27470
27479
27480
27480
27483
27495
27498
27499
27511
27513
27513
27514
27518
27518
27522
27526
27527
27528
27530
27532
27535
27539
27540
27545
27548
27550
27552
27553
27554
27557
27559
27562
27563
27563
27565
27569
27571
27575
27581
27583
27585
27590
27590
27595
27595
27605
27607
27609
27614
27618
27625
27628
27634
27636
27642
27644
27652
27654
27655
27661
27669
27670
27671
27672
27673
27691
27691
27696
27699
27702
27702
27703
27705
27707
27709
27714
27716
27717
27718
27728
27730
27736
27736
27738
27744
27744
27745
27754
27755
27759
27759
27760
27762
27763
27765
27766
27768
27769
27773
27778
27778
27782
27784
27784
27784
27785
27793
27795
27812
27816
27818
27819
27821
27823
27825
27825
27829
27830
27836
27839
27840
27841
27842
27843
27843
27844
27845
27849
27851
27852
27852
27861
27861
27864
27866
27867
27872
27874
27875
27880
27881
27882
27883
27883
27885
27891
27893
27897
27908
27908
27915
27915
27915
27915
27919
27924
27924
27929
27931
27947
27947
27972
27974
27975
27977
27995
27999
28000
28004
28006
28007
28009
28011
28012
28013
28013
28013
28014
28015
28020
28021
28023
28024
28025
28034
28037
28041
28042
28046
28053
28056
28059
28060
28060
28066
28070
28071
28083
28090
28092
28093
28106
28108
28111
28117
28118
28127
28130
28138
28148
28154
28156
28164
28170
28175
28176
28176
28178
28180
28193
28200
28201
28201
28203
28203
28204
28211
28221
28228
28230
28236
28239
28247
28253
28253
28254
28259
28259
28269
28270
28271
28271
28287
28292
28293
28296
28299
28301
28301
28303
28303
28305
28310
28311
28317
28325
28334
28343
28348
28351
28353
28354
28362
28363
28368
28371
28375
28375
28378
28381
28385
28385
28388
28388
28389
28392
28393
28396
28396
28397
28400
28404
28406
28406
28407
28407
28415
28420
28421
28422
28428
28430
28430
28434
28435
28438
28444
28448
28448
28463
28465
28468
28468
28471
28472
28472
28473
28475
28476
28500
28505
28510
28511
28512
28513
28522
28526
28533
28534
28534
28535
28537
28541
28542
28546
28547
28553
28556
28564
28567
28567
28571
28579
28582
28584
28587
28588
28591
28591
28592
28593
28600
28602
28605
28607
28635
28637
28643
28643
28648
28651
28653
28654
28655
28665
28669
28671
28673
28674
28680
28682
28685
28686
28692
28694
28698
28700
28703
28706
28707
28709
28719
28720
28720
28725
28728
28732
28734
28743
28746
28748
28751
28751
28764
28768
28778
28778
28782
28797
28799
28801
28802
28802
28804
28804
28804
28805
28812
28817
28825
28829
28829
28836
28839
28849
28854
28863
28867
28870
28873
28874
28875
28883
28883
28889
28892
28892
28896
28899
28911
28927
28930
28935
28935
28935
28940
28940
28941
28941
28941
28942
28942
28944
28945
28948
28954
28955
28956
28957
28961
28965
28965
28967
28971
28972
28978
28978
28978
28979
28979
28981
28985
28987
28987
28990
28991
28992
28992
28994
28994
28998
28999
28999
29004
29009
29011
29015
29015
29015
29017
29020
29023
29023
29028
29030
29034
29036
29038
29042
29043
29043
29046
29047
29049
29052
29054
29054
29054
29059
29073
29077
29084
29084
29091
29092
29100
29101
29102
29103
29104
29106
29111
29117
29118
29118
29125
29130
29130
29132
29136
29140
29142
29144
29147
29150
29152
29153
29154
29155
29156
29160
29161
29161
29161
29163
29172
29173
29174
29174
29177
29180
29182
29183
29185
29187
29193
29199
29202
29205
29207
29208
29208
29211
29222
29234
29236
29237
29249
29250
29250
29252
29256
29259
29259
29259
29264
29265
29266
29266
29267
29269
29271
29271
29274
29282
29293
29293
29296
29307
29307
29315
29318
29322
29324
29330
29337
29338
29339
29341
29342
29342
29344
29344
29346
29350
29370
29378
29379
29383
29385
29386
29393
29410
29421
29426
29432
29434
29437
29437
29439
29439
29441
29443
29448
29455
29457
29465
29466
29470
29476
29492
29492
29493
29495
29500
29503
29504
29521
29535
29537
29537
29538
29541
29546
29548
29553
29555
29555
29556
29556
29564
29570
29574
29576
29576
29579
29580
29583
29587
29589
29591
29592
29594
29594
29604
29607
29608
29609
29616
29617
29623
29640
29640
29647
29647
29648
29650
29650
29653
29655
29658
29663
29677
29689
29694
29696
29697
29709
29721
29731
29732
29743
29747
29753
29754
29754
29755
29763
29773
29775
29777
29780
29783
29786
29793
29801
29802
29813
29817
29820
29822
29822
29825
29827
29828
29831
29835
29836
29839
29841
29848
29850
29855
29864
29867
29868
29870
29873
29873
29874
29875
29878
29886
29888
29893
29894
29895
29899
29899
29900
29902
29904
29907
29907
29917
29920
29920
29923
29924
29927
29928
29931
29933
29934
29936
29940
29946
29946
29947
29951
29961
29961
29965
29967
29967
29971
29975
29976
29984
29995
29996
29997
29998
29999
30000
30002
30003
30009
30009
30010
30012
30013
30014
30014
30016
30016
30019
30021
30022
30028
30031
30033
30034
30035
30045
30046
30047
30053
30053
30058
30058
30060
30068
30089
30091
30092
30094
30103
30105
30105
30105
30107
30110
30113
30120
30124
30124
30125
30129
30130
30132
30133
30133
30139
30140
30142
30147
30154
30160
30166
30166
30177
30180
30183
30183
30192
30192
30193
30194
30202
30202
30203
30204
30204
30207
30207
30208
30211
30213
30231
30234
30234
30235
30235
30236
30240
30240
30241
30241
30242
30246
30250
30255
30255
30263
30275
30276
30278
30279
30282
30284
30286
30295
30300
30302
30305
30305
30308
30313
30315
30316
30316
30316
30317
30323
30326
30326
30333
30340
30341
30345
30345
30345
30350
30352
30355
30357
30362
30363
30365
30365
30372
30373
30380
30387
30387
30387
30389
30392
30402
30403
30409
30415
30416
30417
30423
30428
30428
30433
30434
30434
30437
30439
30444
30445
30448
30449
30450
30453
30454
30457
30458
30459
30460
30461
30464
30465
30466
30473
30479
30479
30481
30486
30486
30488
30498
30498
30512
30512
30515
30518
30518
30524
30526
30527
30532
30534
30539
30546
30547
30548
30548
30553
30554
30559
30560
30561
30562
30565
30566
30566
30569
30572
30584
30587
30595
30599
30604
30605
30606
30607
30611
30614
30616
30616
30617
30620
30621
30621
30621
30626
30627
30629
30645
30653
30660
30664
30669
30672
30674
30676
30678
30683
30683
30687
30689
30693
30705
30710
30710
30712
30714
30715
30718
30722
30727
30730
30741
30742
30747
30749
30751
30757
30760
30764
30765
30769
30773
30775
30784
30786
30788
30789
30789
30795
30797
30798
30801
30802
30804
30811
30811
30812
30813
30815
30819
30819
30820
30825
30838
30846
30850
30851
30853
30855
30857
30857
30860
30865
30866
30866
30868
30871
30872
30876
30878
30880
30893
30894
30897
30899
30904
30906
30912
30912
30912
30916
30916
30920
30921
30921
30930
30932
30940
30952
30961
30964
30976
30979
30989
30990
30991
30991
30991
30995
30996
31000
31004
31008
31010
31010
31014
31018
31021
31022
31025
31028
31031
31034
31037
31040
31044
31050
31066
31069
31070
31072
31072
31076
31078
31081
31086
31091
31092
31093
31095
31096
31100
31100
31104
31109
31113
31113
31113
31118
31119
31120
31122
31127
31129
31136
31138
31144
31144
31153
31155
31156
31160
31167
31167
31169
31169
31177
31190
31192
31193
31199
31204
31204
31205
31208
31209
31210
31212
31213
31219
31220
31224
31225
31226
31242
31246
31249
31251
31253
31254
31255
31255
31257
31258
31260
31261
31262
31270
31271
31272
31277
31277
31278
31278
31290
31294
31302
31304
31305
31309
31309
31312
31315
31323
31334
31335
31339
31340
31342
31345
31347
31348
31349
31351
31355
31359
31369
31372
31372
31383
31383
31387
31391
31392
31395
31396
31399
31400
31404
31406
31411
31413
31417
31424
31424
31427
31427
31428
31430
31431
31434
31435
31435
31440
31442
31442
31446
31452
31464
31468
31471
31474
31477
31480
31486
31487
31487
31489
31498
31500
31506
31507
31507
31508
31511
31514
31515
31517
31518
31519
31521
31523
31523
31524
31525
31533
31534
31538
31541
31546
31546
31546
31547
31552
31556
31560
31564
31568
31570
31573
31575
31580
31592
31595
31595
31597
31598
31601
31601
31603
31605
31606
31611
31613
31619
31628
31629
31630
31633
31643
31644
31653
31661
31666
31666
31667
31668
31672
31674
31675
31675
31677
31680
31680
31681
31684
31687
31691
31694
31699
31706
31713
31719
31728
31734
31738
31739
31739
31739
31740
31749
31749
31750
31753
31754
31764
31764
31770
31772
31773
31793
31800
31801
31801
31801
31805
31807
31818
31819
31821
31823
31823
31834
31837
31848
31856
31858
31862
31864
31870
31877
31878
31891
31892
31892
31894
31894
31898
31899
31899
31905
31905
31908
31912
31912
31912
31912
31923
31926
31928
31931
31936
31937
31940
31942
31945
31956
31959
31959
31963
31966
31967
31972
31976
31985
31985
31995
31999
31999
31999
31999
32000
32002
32008
32009
32014
32023
32023
32031
32035
32035
32035
32038
32042
32043
32050
32055
32058
32059
32060
32086
32092
32093
32098
32099
32099
32106
32106
32106
32107
32110
32111
32112
32114
32117
32119
32124
32127
32127
32128
32132
32133
32135
32136
32143
32144
32147
32149
32149
32149
32151
32151
32152
32152
32153
32158
32176
32176
32176
32178
32188
32188
32189
32190
32201
32208
32212
32216
32216
32224
32226
32228
32229
32230
32233
32236
32243
32243
32244
32252
32253
32254
32255
32260
32263
32266
32268
32270
32270
32273
32276
32277
32300
32302
32306
32307
32307
32309
32312
32315
32318
32322
32322
32323
32325
32326
32331
32336
32338
32343
32345
32348
32350
32359
32367
32370
32371
32375
32379
32383
32396
32399
32408
32416
32421
32423
32423
32423
32426
32427
32429
32430
32433
32434
32434
32434
32440
32443
32447
32449
32457
32457
32464
32465
32466
32466
32469
32472
32472
32480
32481
32489
32489
32491
32493
32497
32500
32501
32505
32506
32514
32518
32521
32521
32526
32532
32534
32536
32536
32538
32541
32553
32559
32567
32569
32571
32575
32581
32584
32585
32587
32589
32590
32593
32593
32597
32610
32615
32616
32619
32619
32621
32624
32630
32632
32632
32635
32641
32641
32641
32644
32648
32649
32650
32652
32654
32656
32660
32662
32663
32664
32664
32676
32676
32682
32683
32683
32691
32692
32697
32698
32705
32706
32710
32713
32720
32720
32721
32723
32724
32725
32727
32727
32734
32736
32747
32749
32754
32754
32755
32760
32766
32766
32767
