1000
4
48
93
114
160
165
175
231
257
271
295
296
321
329
410
415
480
512
524
524
592
615
624
624
630
632
644
664
665
718
725
730
737
738
750
778
790
800
802
806
809
850
872
954
967
991
1006
1026
1033
1049
1089
1106
1145
1148
1200
1232
1262
1280
1282
1297
1314
1368
1379
1522
1529
1536
1565
1580
1597
1604
1643
1661
1664
1698
1729
1783
1815
1825
1843
1857
1870
1874
1878
1952
2051
2083
2165
2171
2222
2230
2282
2383
2383
2475
2478
2495
2702
2718
2719
2733
2743
2829
2889
2893
2997
3017
3057
3061
3075
3091
3152
3165
3182
3192
3386
3387
3395
3413
3422
3446
3561
3608
3631
3643
3652
3654
3660
3697
3699
3757
3780
3850
3858
3870
3900
3908
3920
3932
3965
4049
4063
4106
4136
4137
4171
4177
4183
4193
4262
4389
4478
4491
4525
4548
4549
4571
4631
4665
4714
4730
4732
4743
4784
4814
4885
4902
4914
4950
4963
5036
5143
5197
5198
5218
5219
5235
5266
5273
5298
5307
5355
5370
5437
5445
5505
5522
5573
5602
5627
5667
5674
5674
5727
5756
5830
5887
5895
5953
5963
6045
6066
6068
6191
6220
6244
6260
6272
6279
6385
6400
6423
6456
6466
6467
6478
6484
6486
6505
6542
6548
6601
6654
6669
6726
6760
6776
6795
6901
6909
6918
6934
6987
7038
7217
7224
7253
7266
7285
7288
7321
7380
7491
7492
7587
7607
7612
7625
7632
7636
7684
7692
7700
7722
7723
7730
7734
7782
7819
7828
7851
7898
7905
7948
7950
7978
8042
8206
8225
8242
8268
8412
8476
8511
8518
8545
8615
8623
8648
8704
8784
8818
8870
8901
8920
8939
8968
8972
8978
9050
9055
9086
9108
9132
9199
9218
9223
9244
9250
9257
9289
9324
9339
9385
9412
9435
9472
9523
9536
9609
9615
9620
9634
9684
9696
9762
9767
9776
9777
9810
9834
9850
9871
9938
9979
9983
9987
10021
10027
10114
10196
10199
10201
10227
10251
10278
10293
10377
10451
10457
10495
10530
10543
10576
10590
10599
10672
10680
10690
10747
10753
10759
10767
10770
10824
10842
10904
10906
10918
10930
10940
10991
11003
11064
11073
11075
11081
11111
11125
11139
11153
11210
11325
11355
11388
11428
11455
11467
11488
11526
11578
11606
11613
11630
11676
11727
11741
11763
11803
11813
11824
11836
11846
11883
11885
11956
11962
11965
11984
12150
12284
12315
12322
12323
12377
12407
12409
12522
12649
12659
12694
12729
12734
12813
12822
12930
12941
12983
13001
13035
13060
13113
13215
13244
13288
13370
13390
13400
13437
13465
13526
13533
13543
13578
13594
13641
13704
13725
13736
13792
13919
13996
13999
14005
14053
14062
14112
14150
14157
14210
14212
14235
14300
14306
14351
14378
14420
14451
14486
14551
14681
14828
14849
14891
14906
14909
14932
14987
15017
15081
15110
15119
15164
15183
15185
15204
15215
15216
15226
15254
15272
15305
15313
15372
15373
15480
15484
15485
15539
15544
15548
15593
15628
15654
15696
15709
15789
15824
15829
15831
15860
15911
15920
15964
15975
15975
15992
16015
16084
16101
16158
16163
16192
16206
16230
16278
16309
16376
16382
16406
16406
16465
16481
16488
16499
16545
16567
16649
16685
16776
16890
16902
16904
16945
16957
17004
17075
17088
17135
17162
17265
17272
17502
17508
17535
17582
17669
17807
17835
17894
17896
17906
17922
17986
18024
18043
18079
18118
18251
18287
18301
18344
18382
18383
18385
18392
18396
18424
18435
18458
18489
18497
18497
18526
18526
18530
18551
18669
18687
18708
18744
18792
18809
18878
18916
18955
18958
19022
19052
19055
19090
19136
19172
19182
19193
19269
19339
19352
19374
19381
19393
19609
19621
19665
19689
19743
19911
19950
20004
20031
20086
20087
20120
20163
20288
20292
20333
20386
20405
20419
20452
20462
20480
20497
20507
20509
20519
20546
20566
20618
20627
20653
20710
20757
20808
20847
20872
20891
20904
20907
20913
20944
20970
20984
20985
21000
21039
21060
21064
21123
21142
21176
21232
21242
21251
21257
21267
21294
21299
21371
21391
21394
21408
21442
21578
21603
21613
21651
21668
21712
21720
21802
21805
21868
21883
21907
21944
21957
21958
21988
22001
22011
22035
22058
22080
22175
22219
22322
22328
22335
22358
22392
22449
22520
22592
22613
22634
22687
22721
22730
22735
22750
22797
22799
22815
22819
22829
22839
22851
22873
23023
23044
23067
23089
23095
23130
23142
23145
23147
23149
23203
23217
23236
23240
23277
23284
23294
23308
23389
23406
23407
23421
23427
23434
23437
23462
23469
23475
23494
23507
23519
23524
23544
23550
23560
23578
23587
23604
23644
23647
23648
23656
23742
23937
23972
24023
24051
24060
24099
24122
24147
24182
24205
24229
24247
24253
24293
24405
24592
24609
24627
24712
24714
24785
24828
24864
24991
25065
25090
25203
25205
25246
25275
25312
25337
25339
25375
25409
25412
25420
25468
25520
25580
25599
25617
25622
25631
25662
25678
25683
25694
25697
25714
25726
25777
25840
25843
25882
25907
26028
26028
26082
26101
26113
26119
26122
26133
26136
26157
26234
26252
26262
26272
26351
26445
26446
26519
26666
26684
26762
26839
26883
26892
26895
26906
26951
26963
26991
27017
27023
27092
27126
27127
27142
27155
27155
27332
27377
27432
27445
27452
27470
27491
27512
27546
27546
27550
27557
27571
27589
27712
27754
27790
27812
28006
28055
28070
28146
28214
28215
28217
28228
28238
28282
28364
28384
28413
28430
28439
28457
28517
28546
28621
28644
28676
28682
28771
28851
28880
28896
28936
29015
29019
29026
29103
29251
29299
29309
29377
29380
29394
29402
29431
29475
29574
29577
29584
29626
29652
29754
29779
29849
29861
29877
29882
29902
29925
29953
29989
30028
30045
30065
30081
30087
30110
30121
30127
30191
30208
30319
30347
30405
30418
30473
30579
30649
30658
30682
30721
30758
30770
30780
30865
30875
30898
30903
30959
31014
31064
31155
31156
31178
31246
31280
31295
31325
31325
31330
31354
31370
31371
31377
31379
31427
31528
31609
31609
31648
31679
31681
31711
31736
31746
31749
31754
31821
31827
31850
31903
31921
31975
32025
32056
32084
32115
32226
32235
32267
32317
32360
32390
32425
32458
32480
32480
32497
32516
32563
32600
32683
32761
