100
109
349
493
620
881
1171
1270
1536
1566
1818
1951
2112
2816
2853
3009
3028
3221
4566
4832
5461
5499
5608
5731
5815
6117
6483
6514
7424
8140
9006
9669
9909
10041
10246
10688
10848
11293
11333
12044
12111
12113
13040
13301
13334
13555
13611
15037
15144
15348
15756
15884
16281
16371
16908
17461
18461
18585
19206
19238
19297
19465
19800
19824
19906
20757
20885
21051
21147
21219
21362
21939
22504
23205
23556
24205
24742
24831
26188
26239
26340
26517
27489
28158
28745
28922
29591
29730
29894
29953
29966
30445
30730
30734
30788
31194
31256
31639
32341
32372
32674
