1000
13598
5936
21901
6186
5350
22500
3719
10809
7430
9444
5803
26274
651
22613
13208
16474
24873
363
20676
27083
816
23689
10004
11804
26043
5802
682
28595
19754
24575
6911
28664
32211
4569
12593
17500
27893
27594
26782
7323
32237
11271
3505
15933
8109
1809
16124
22883
24169
17045
11399
6848
15763
30608
24936
7910
28170
16310
19348
10947
13455
21013
30197
19819
5240
21238
10429
20248
4776
23300
25593
4462
9406
31152
26729
17668
8333
14035
17039
6177
16333
22421
3078
17091
3087
27279
22293
5094
18167
24364
30852
25602
8869
11349
9134
4310
24180
19021
3288
26212
7143
985
1473
6461
32736
25253
18554
13822
29715
15075
25720
10779
7355
6709
488
18907
22155
7629
28482
30628
20712
29650
11553
20601
6229
3078
27730
449
9519
15271
12843
11338
17050
22675
5918
30861
25019
4015
21390
16436
11560
31368
3808
28889
28828
14395
9430
3089
10480
3475
21784
26793
20550
20594
4372
6447
14984
8818
23560
7092
5649
16075
29021
14033
25769
24440
9527
10216
183
32149
13130
1708
690
28940
28655
484
6873
13168
3959
22892
13092
18985
30655
14716
28026
7122
20484
23340
21028
13535
17145
3640
17026
16259
10007
4097
1020
13009
309
21461
30524
32033
5464
8304
20378
11701
31180
9923
24280
24988
24692
30196
18704
30679
2654
28837
13546
20667
6554
10105
19474
7318
13645
15572
8170
32149
13313
13795
18044
229
16447
23773
17330
13081
11104
6280
4809
21452
25248
23806
25603
27783
14964
6577
25244
20197
1054
18605
5888
15860
8574
797
14651
18143
2859
16145
1969
3274
31938
6782
30223
3070
15230
22406
18561
6214
11017
28154
28454
6808
9362
22046
13761
20984
17440
28844
7089
7066
8230
12315
26659
1607
8023
26400
20102
13569
24763
24694
14143
21738
27139
9179
158
10850
4122
3163
19473
31088
19964
5072
11160
19811
32203
30634
17273
25529
10272
6892
13365
15935
23967
18807
24762
8314
20174
16523
25818
31814
5671
8331
20476
4541
26731
11264
30738
18010
7994
30689
30923
30558
20961
28946
13065
19315
28787
23338
24725
18320
5403
11385
4114
11036
32688
27466
7471
22358
28554
28773
31009
17908
20372
13016
22353
21258
26787
247
4689
24110
3590
19106
23829
1754
30815
24774
5216
2066
17073
20006
17532
30534
15801
11612
14126
27257
3458
8218
7657
18851
17716
19382
11330
20308
29996
32486
13988
31899
24402
25800
10565
1062
17831
26917
27480
28842
1822
12790
645
2694
32429
21031
2710
16547
22691
6556
21875
6302
21052
9842
18256
27177
6003
7047
17189
27054
13079
8252
15198
17974
17697
3449
15060
24202
29509
27634
31229
20887
18375
10153
21599
28183
29328
7348
12875
17774
8321
24897
15047
26066
23815
28887
25036
32687
12784
7391
9906
31306
31101
26210
5864
15268
5816
9492
26856
10145
2055
8082
17258
6761
2050
30952
1240
25103
12418
5974
7939
31601
21498
26708
23316
5727
267
9683
6597
9471
25682
198
25553
31343
31877
21729
24232
15533
21694
18848
31080
11700
14614
1164
26121
4072
6518
20666
13015
10676
3754
24468
6182
11378
13751
1755
20033
651
21871
8173
32675
18655
578
27716
11114
30567
13399
9024
3080
32024
988
3366
22076
21259
32666
20328
25665
19164
20940
20007
8517
7248
10033
18166
18716
30266
3168
2273
20534
5791
13660
28078
1998
11800
25448
30818
21093
4728
23836
15623
31855
1199
11449
30125
3404
3566
6330
26799
9337
14348
2731
1079
14088
9513
22590
21252
16717
19089
8860
11883
16603
21218
16377
20892
2735
27506
25451
12839
20906
235
30460
16831
28997
12088
23550
32061
20608
26789
1438
27880
28955
6209
8636
31219
32521
17287
17402
15687
29730
28478
18195
11139
9240
19358
22639
16961
17580
27572
25076
6812
17953
3080
17950
1263
4081
11388
8786
4574
30144
375
2927
11419
30862
67
30887
10850
10288
2740
20621
29510
14593
32267
19566
10288
8661
10521
9701
27173
22062
28072
17066
9927
28851
4374
21163
3615
25053
67
5214
5529
30452
2734
13141
11344
19770
22746
29971
1164
1382
8695
10270
5769
19283
25790
2389
16507
1530
10141
4996
10190
17310
1044
27958
16306
13894
351
26826
6359
21616
597
19145
24181
29188
19088
19063
9360
25991
24270
168
27514
3473
17559
14549
31897
19073
25888
22639
1130
16495
6000
20595
3526
30050
5569
19775
16997
8131
25129
6308
5280
14610
24185
25148
13947
10456
7014
25086
482
7133
8934
2319
13875
23450
16861
13531
12029
14833
5369
6245
30728
25884
23770
20443
25237
14308
23927
21102
32742
23059
19645
13921
9473
17707
5241
31583
23474
344
27511
20241
25807
11940
2539
32752
12223
11882
32017
4696
27453
269
24081
11230
4954
11241
28709
18660
8385
15242
27133
28779
15679
13852
28259
23080
8579
4643
30747
15065
34
1389
15629
10969
8670
16452
19622
23282
5927
26856
28027
2931
8930
27452
32303
31107
17002
28863
23959
14005
30420
5310
7709
7901
13176
10440
2146
24609
5548
7523
12584
18771
18899
25341
9838
21118
16791
22309
30684
5054
8050
4603
7778
7765
31603
10213
1821
27644
25919
13188
17786
22647
18262
15335
12445
22892
3991
19198
28676
26741
16647
18513
15207
21364
21198
27633
20963
26407
130
23983
27736
10236
28584
21645
12048
3366
20088
19058
24225
29168
20449
6178
23572
12625
10445
3436
11334
8129
29350
22950
3727
22348
5913
22614
26274
2533
10522
5682
32180
19964
20264
8779
24289
6483
8914
32645
21195
24077
10618
19018
16004
32264
19033
26239
27054
2156
26051
18871
28640
30084
29100
13735
24908
21709
16236
30427
22175
8525
20159
31655
31785
12326
21008
22367
22590
28011
18423
1482
20700
23346
19968
725
13453
1771
4270
2693
19087
26864
31935
5423
11827
25181
5554
25579
31107
19745
5511
12614
807
21077
14790
23095
13194
31437
25026
4949
13624
11757
25119
32326
1163
4798
12690
13179
8838
1857
21224
5146
28417
8708
8266
30780
28166
29170
23487
3417
31868
28783
10482
30976
14338
22949
21558
5068
7710
24344
2759
20627
9879
26753
26706
9184
23839
22233
32184
32676
15925
32180
13584
14120
23370
18128
14059
24390
2595
13294
13531
32473
9086
13024
15670
9074
5368
30692
31767
11853
18990
21040
3494
