1000
34
67
67
130
158
168
183
198
229
235
247
267
269
309
344
351
363
375
449
482
484
488
578
597
645
651
651
682
690
725
797
807
816
985
988
1020
1044
1054
1062
1079
1130
1163
1164
1164
1199
1240
1263
1382
1389
1438
1473
1482
1530
1607
1708
1754
1755
1771
1809
1821
1822
1857
1969
1998
2050
2055
2066
2146
2156
2273
2319
2389
2533
2539
2595
2654
2693
2694
2710
2731
2734
2735
2740
2759
2859
2927
2931
3070
3078
3078
3080
3080
3087
3089
3163
3168
3274
3288
3366
3366
3404
3417
3436
3449
3458
3473
3475
3494
3505
3526
3566
3590
3615
3640
3719
3727
3754
3808
3959
3991
4015
4072
4081
4097
4114
4122
4270
4310
4372
4374
4462
4541
4569
4574
4603
4643
4689
4696
4728
4776
4798
4809
4949
4954
4996
5054
5068
5072
5094
5146
5214
5216
5240
5241
5280
5310
5350
5368
5369
5403
5423
5464
5511
5529
5548
5554
5569
5649
5671
5682
5727
5769
5791
5802
5803
5816
5864
5888
5913
5918
5927
5936
5974
6000
6003
6177
6178
6182
6186
6209
6214
6229
6245
6280
6302
6308
6330
6359
6447
6461
6483
6518
6554
6556
6577
6597
6709
6761
6782
6808
6812
6848
6873
6892
6911
7014
7047
7066
7089
7092
7122
7133
7143
7248
7318
7323
7348
7355
7391
7430
7471
7523
7629
7657
7709
7710
7765
7778
7901
7910
7939
7994
8023
8050
8082
8109
8129
8131
8170
8173
8218
8230
8252
8266
8304
8314
8321
8331
8333
8385
8517
8525
8574
8579
8636
8661
8670
8695
8708
8779
8786
8818
8838
8860
8869
8914
8930
8934
9024
9074
9086
9134
9179
9184
9240
9337
9360
9362
9406
9430
9444
9471
9473
9492
9513
9519
9527
9683
9701
9838
9842
9879
9906
9923
9927
10004
10007
10033
10105
10141
10145
10153
10190
10213
10216
10236
10270
10272
10288
10288
10429
10440
10445
10456
10480
10482
10521
10522
10565
10618
10676
10779
10809
10850
10850
10947
10969
11017
11036
11104
11114
11139
11160
11230
11241
11264
11271
11330
11334
11338
11344
11349
11378
11385
11388
11399
11419
11449
11553
11560
11612
11700
11701
11757
11800
11804
11827
11853
11882
11883
11940
12029
12048
12088
12223
12315
12326
12418
12445
12584
12593
12614
12625
12690
12784
12790
12839
12843
12875
13009
13015
13016
13024
13065
13079
13081
13092
13130
13141
13168
13176
13179
13188
13194
13208
13294
13313
13365
13399
13453
13455
13531
13531
13535
13546
13569
13584
13598
13624
13645
13660
13735
13751
13761
13795
13822
13852
13875
13894
13921
13947
13988
14005
14033
14035
14059
14088
14120
14126
14143
14308
14338
14348
14395
14549
14593
14610
14614
14651
14716
14790
14833
14964
14984
15047
15060
15065
15075
15198
15207
15230
15242
15268
15271
15335
15533
15572
15623
15629
15670
15679
15687
15763
15801
15860
15925
15933
15935
16004
16075
16124
16145
16236
16259
16306
16310
16333
16377
16436
16447
16452
16474
16495
16507
16523
16547
16603
16647
16717
16791
16831
16861
16961
16997
17002
17026
17039
17045
17050
17066
17073
17091
17145
17189
17258
17273
17287
17310
17330
17402
17440
17500
17532
17559
17580
17668
17697
17707
17716
17774
17786
17831
17908
17950
17953
17974
18010
18044
18128
18143
18166
18167
18195
18256
18262
18320
18375
18423
18513
18554
18561
18605
18655
18660
18704
18716
18771
18807
18848
18851
18871
18899
18907
18985
18990
19018
19021
19033
19058
19063
19073
19087
19088
19089
19106
19145
19164
19198
19283
19315
19348
19358
19382
19473
19474
19566
19622
19645
19745
19754
19770
19775
19811
19819
19964
19964
19968
20006
20007
20033
20088
20102
20159
20174
20197
20241
20248
20264
20308
20328
20372
20378
20443
20449
20476
20484
20534
20550
20594
20595
20601
20608
20621
20627
20666
20667
20676
20700
20712
20887
20892
20906
20940
20961
20963
20984
21008
21013
21028
21031
21040
21052
21077
21093
21102
21118
21163
21195
21198
21218
21224
21238
21252
21258
21259
21364
21390
21452
21461
21498
21558
21599
21616
21645
21694
21709
21729
21738
21784
21871
21875
21901
22046
22062
22076
22155
22175
22233
22293
22309
22348
22353
22358
22367
22406
22421
22500
22590
22590
22613
22614
22639
22639
22647
22675
22691
22746
22883
22892
22892
22949
22950
23059
23080
23095
23282
23300
23316
23338
23340
23346
23370
23450
23474
23487
23550
23560
23572
23689
23770
23773
23806
23815
23829
23836
23839
23927
23959
23967
23983
24077
24081
24110
24169
24180
24181
24185
24202
24225
24232
24270
24280
24289
24344
24364
24390
24402
24440
24468
24575
24609
24692
24694
24725
24762
24763
24774
24873
24897
24908
24936
24988
25019
25026
25036
25053
25076
25086
25103
25119
25129
25148
25181
25237
25244
25248
25253
25341
25448
25451
25529
25553
25579
25593
25602
25603
25665
25682
25720
25769
25790
25800
25807
25818
25884
25888
25919
25991
26043
26051
26066
26121
26210
26212
26239
26274
26274
26400
26407
26659
26706
26708
26729
26731
26741
26753
26782
26787
26789
26793
26799
26826
26856
26856
26864
26917
27054
27054
27083
27133
27139
27173
27177
27257
27279
27452
27453
27466
27480
27506
27511
27514
27572
27594
27633
27634
27644
27716
27730
27736
27783
27880
27893
27958
28011
28026
28027
28072
28078
28154
28166
28170
28183
28259
28417
28454
28478
28482
28554
28584
28595
28640
28655
28664
28676
28709
28773
28779
28783
28787
28828
28837
28842
28844
28851
28863
28887
28889
28940
28946
28955
28997
29021
29100
29168
29170
29188
29328
29350
29509
29510
29650
29715
29730
29971
29996
30050
30084
30125
30144
30196
30197
30223
30266
30420
30427
30452
30460
30524
30534
30558
30567
30608
30628
30634
30655
30679
30684
30689
30692
30728
30738
30747
30780
30815
30818
30852
30861
30862
30887
30923
30952
30976
31009
31080
31088
31101
31107
31107
31152
31180
31219
31229
31306
31343
31368
31437
31583
31601
31603
31655
31767
31785
31814
31855
31868
31877
31897
31899
31935
31938
32017
32024
32033
32061
32149
32149
32180
32180
32184
32203
32211
32237
32264
32267
32303
32326
32429
32473
32486
32521
32645
32666
32675
32676
32687
32688
32736
32742
32752
