100
24742
109
19206
1566
31256
3221
12111
2112
2816
10041
15756
28745
4832
26340
13040
17461
1818
5499
29591
21051
19800
20757
30734
30788
13611
12044
13334
32674
13555
5461
23205
24831
28158
15884
9006
1171
15348
6483
29730
21147
21362
349
5815
10246
13301
29894
22504
881
28922
19238
15037
32341
5731
6117
8140
26239
11293
12113
1536
3009
7424
493
18585
5608
1270
16908
32372
30445
10848
1951
24205
19824
9909
26188
19906
19297
620
10688
31194
29953
18461
11333
9669
19465
21219
31639
2853
15144
23556
16371
29966
21939
3028
6514
30730
16281
4566
26517
27489
20885
