10000
25019
28987
30333
15332
23259
9313
14526
15437
30046
11744
3184
32489
18860
23754
31598
16639
20356
31547
21362
21800
7078
25917
29043
4437
9680
1769
22321
24083
10988
1487
16142
19214
32648
6552
8735
19668
26246
22506
25731
2012
16405
30604
7155
19655
9440
20171
9371
10725
16773
4380
30760
13819
1608
4098
31523
30788
32521
818
13437
4533
26483
7158
9067
2949
20343
26575
10100
28397
25592
18014
11975
2605
12232
30340
7891
1743
26836
32457
11026
13615
7579
29946
3621
12603
22245
26902
22822
17528
433
30572
19770
10566
13679
17917
29541
4964
10863
28967
26275
8630
29850
11141
1076
7494
22112
5393
30263
10634
16369
3467
19578
18917
20144
1567
6033
24687
24804
5698
14885
2553
4529
22493
25743
31564
12616
20141
28325
17330
3418
24297
980
6328
7634
5926
21872
3889
27075
20857
18247
25982
14495
28635
19068
17165
25515
14289
23187
4384
23471
4428
20680
20688
14066
11469
421
4689
23397
21710
22739
29047
6431
28254
26417
15225
18697
27915
5923
8694
17371
15876
31533
7989
17735
28287
27328
28593
3955
4441
24915
17621
25261
10236
21430
5380
7515
4742
28579
11484
6192
19240
31127
26044
4774
28875
15583
9603
17320
25850
16886
2971
25230
252
16142
28471
15439
9792
30445
4824
10482
11775
31226
12566
30022
31772
32152
18077
5331
14671
15794
15734
12304
30850
7319
23944
25303
19323
29961
9822
16149
2748
21136
30250
26566
21671
1045
8714
22561
2022
15531
25483
11023
15626
14000
16236
30434
882
3349
18852
4420
25967
16122
27301
20333
30629
4478
2531
5786
30645
17365
16784
20666
15897
18843
32682
6506
1871
32615
14392
14115
22585
3492
3281
13490
452
28060
3421
12009
1992
17622
30240
10901
28463
2722
3828
1712
14170
11250
4053
24279
704
8555
11939
29182
13016
11196
14884
24930
31546
10799
26185
23487
12289
16253
11698
2243
21363
14567
27763
18627
9956
27522
6169
7342
17111
31699
14568
19007
31335
17307
2151
4214
3557
18932
22815
72
28867
413
11167
19862
9904
16787
5315
11356
31749
11233
22838
3627
7520
30392
25142
21465
21134
19394
28567
18295
24751
12724
11019
29315
22420
13347
160
9311
20076
15768
24714
15618
21408
22502
20003
4078
5115
18107
24624
29537
32014
12406
5734
20432
24275
18744
10285
17297
20624
13374
12451
11992
23806
3950
23524
15332
14763
23855
31113
14202
3485
16510
6254
19859
2872
16191
4025
32338
24930
32464
6423
24376
18404
12004
24649
31899
11027
5775
11232
28500
15025
30621
836
31417
24590
15400
30203
18123
24434
8810
26664
2736
10431
23247
2130
15203
6995
19534
21095
4778
16684
29434
17409
584
17743
3284
9703
26484
10602
2276
3799
4747
32440
27784
899
30466
9765
8971
22489
6046
23475
27513
13703
743
4380
22706
27583
29658
23481
6078
27703
27358
31138
28768
6517
21241
12823
13294
19017
1860
5406
3679
9883
19612
24174
28070
16742
5019
32652
29503
5125
5830
5428
9223
16046
10504
19450
19024
12860
18528
30769
15925
10033
18646
25868
2091
1531
11187
7939
4569
9334
30449
15736
22826
31923
8433
28571
22944
16632
25708
20619
8171
28935
4268
18110
15290
21667
10748
29346
977
32593
28253
28804
24667
16732
4730
29106
3970
10779
19166
28892
6206
32630
30053
1472
24426
20135
30448
7175
4893
31294
8541
4457
24631
26984
13751
32536
9786
15472
22185
12892
7516
10886
32569
6266
8922
27840
20915
8667
8078
23134
21218
24682
15556
6738
25990
25918
23370
3584
6659
8569
198
22850
9815
20080
12108
11183
6734
8460
23344
12061
9209
19568
29465
16228
30812
6107
11863
20325
13415
3024
5495
8011
18984
31349
30996
10257
20030
26426
19184
24645
14737
4538
3395
15883
29504
10214
19538
6756
14043
25440
22084
22960
10963
5669
9521
32114
15150
27247
12157
852
3199
23002
4708
13675
6934
8133
19157
20411
23156
11003
28804
7934
26882
21139
10043
31905
11266
21012
14960
19472
26565
20701
5917
23859
10270
30916
6092
22584
3352
24574
22257
5780
20452
19007
31613
3396
5141
1313
13232
11353
22800
25546
21039
22451
8125
7625
16726
23821
6275
5442
16591
2874
28020
18507
8548
20141
31940
29077
29457
30527
6016
7247
22878
2861
6268
12103
31212
19296
26510
13139
14669
19698
15609
22767
14872
19437
14636
295
21053
6998
9389
19896
27287
22122
27728
31858
31936
14119
11692
4576
9001
13838
26575
5931
28522
22312
9265
28476
31446
18503
11239
1825
25939
13454
7449
26034
13929
28979
29878
24180
21656
26500
24678
27581
1775
24616
27841
29721
13530
5032
25534
32493
22588
9262
28526
7258
21949
25740
21738
1124
12134
4223
23434
12628
17771
23093
13399
31066
6471
28942
30147
27511
18190
26016
32664
29594
10495
3837
23343
2570
22873
21816
27618
29187
1649
1317
963
19364
19712
4449
12431
32009
3265
25746
21725
14004
27452
10480
24987
5937
30940
10501
17339
12793
11336
11696
23082
32152
10224
32112
2050
27915
32230
24799
14080
14444
26096
20605
24120
6353
6619
12207
24839
31601
19474
14600
23114
28680
27759
32710
10189
22141
12112
10912
18951
4034
2798
19391
27652
13821
7914
31242
10146
8165
14889
4006
23040
13166
29410
12733
7220
19368
1269
1407
13372
13796
27263
13927
4663
2586
25259
12736
11734
25223
23243
15207
22541
13978
28071
16338
21774
23825
27924
1873
21111
31072
10697
11924
3530
22610
28015
2158
16159
32754
23287
19672
7189
30380
10544
14649
1806
1456
27545
1509
16028
31383
23924
21731
8502
11337
25371
32243
22832
18206
13719
23503
1258
9283
27759
32434
12103
12384
22974
26647
11360
9591
27784
13251
11898
7184
3406
20997
10038
14227
10464
14141
18696
29173
23923
9371
15594
19094
32243
28201
24658
23658
24475
25100
8033
8024
9666
13575
16221
22751
32760
6208
11617
32767
3665
23623
9555
6231
24577
17748
17687
18571
16425
29904
24578
12264
17649
3095
9874
16203
21719
27773
30300
6462
5703
14479
26181
15717
32107
31387
25333
793
27716
5234
28553
10066
6394
23660
24200
29130
11888
2989
5913
13663
23324
24999
14963
12217
16918
8416
15764
3118
622
18677
19254
3554
18627
12768
511
9523
7953
27766
25336
29780
28363
3123
1088
1847
26922
15930
23554
17073
18884
20888
14244
20185
10080
5321
13121
177
18185
11389
17754
1800
9569
18332
13000
24222
10808
21639
32501
20874
14941
7073
11340
1497
7092
25358
24814
24440
24457
32698
17319
14676
18212
30621
9504
14783
22174
6462
18774
17942
2547
11382
25930
22944
24663
8311
9467
17338
12750
23308
19857
4401
759
3363
20443
9456
19240
12424
24315
17371
24768
4851
24416
6138
32697
4677
16885
28378
7805
28175
8088
14128
1275
21076
10446
448
23033
32656
15797
2429
6828
13304
16954
1778
12422
14852
651
21216
6479
16427
15312
7209
21879
24045
7446
13548
4267
27159
21643
15090
14502
1603
31985
8009
30282
926
32589
20782
15599
1262
15583
4145
25595
467
5463
10643
32434
3916
7494
9459
26192
4478
6355
9257
10837
15025
3759
31347
23329
31644
1867
16079
25280
18658
19528
23975
24583
23004
15407
28083
14304
17561
1634
19484
20706
6947
25426
17373
11557
28164
7411
17519
22100
22537
31597
27557
20483
30534
27157
26325
1091
30554
26779
28472
24180
4341
7300
26003
2139
8855
5851
20759
32117
18074
8740
17798
26762
2674
11410
29848
32644
11060
8826
28317
20866
31573
19718
22115
15145
21940
2350
3162
30010
16859
27364
5366
29034
11650
8335
15957
31086
24405
10939
18722
17493
1784
15375
6329
30234
3655
21887
11916
15738
4066
29379
29893
1027
5865
23303
7213
25710
3076
27108
4428
23342
29607
25743
19666
25929
24980
12112
821
359
17825
30518
30620
18216
30139
9226
30204
2235
6443
9857
14464
12973
22808
30389
15407
24062
31309
22230
18633
18554
17469
11805
12273
10054
22852
4098
1937
1978
25648
17327
25467
12910
16128
24500
21068
17560
30444
19964
8598
29589
20901
19456
11582
11973
14301
15162
15906
5020
10506
21981
15359
26614
7271
7107
13971
3755
29500
2983
2558
10852
24672
31892
8814
25261
26876
11165
8955
32587
25233
20943
29648
19919
4669
22116
31628
1387
20794
28985
2024
7429
23207
20867
10649
18314
9867
7357
1912
2693
30231
23013
27872
8944
29995
7399
5975
11337
5404
1626
1905
15849
1205
27498
22770
29330
27003
14869
26163
3655
15925
28059
15047
13920
31404
10031
6493
28637
26800
16115
6376
22523
19035
24867
7422
19205
13722
2960
11646
28013
18664
32593
29046
19227
7517
31413
20804
261
6632
20348
1019
9472
3033
10566
3080
24533
10402
6219
26389
28056
23774
13389
29997
30773
3218
27595
23329
76
10419
21368
25643
18495
15849
2539
9938
30089
24723
920
28941
23633
6667
21247
16299
10558
15147
16675
17650
23950
14352
19006
17031
20834
28957
21171
14990
12380
3395
10308
15377
9324
18816
9093
20134
8935
24998
32144
16716
4058
30302
11771
24727
11165
5228
25863
22541
32427
16693
30234
17103
14256
12414
18032
12156
12260
1910
5133
6994
2456
20727
10486
10390
7438
1801
20128
5174
10126
21928
5545
11950
28854
31431
17862
23592
23058
26516
2557
24551
3309
1790
11540
30437
14950
19828
31305
1467
8646
30192
5699
24002
20752
4149
25673
23928
21466
17493
19378
28709
17500
28533
29084
12478
29383
32212
15073
13321
5848
9738
10823
15874
16300
27022
28407
26238
30166
32379
14129
28942
17327
1684
6973
23590
6125
14213
13477
27518
13943
22636
13729
12729
11128
14487
5331
23877
29874
911
8500
19586
21782
5718
4687
11558
1681
14830
26797
10976
15912
26394
12944
28987
13895
30569
2276
1222
13142
26479
22642
14194
13966
3670
19287
15419
21259
28310
26292
7690
22818
1024
12456
7642
19444
13057
29307
15386
21827
15653
27420
29011
11141
24282
1486
23051
7735
31351
26910
23017
15476
29820
29208
31258
18886
9499
28602
1778
30012
760
12969
12503
1725
27438
17699
13403
30363
10898
24373
19880
9067
11323
27438
31521
6677
28994
11859
21318
9255
13766
27092
29144
4207
26419
2047
16446
27080
20420
10676
7464
4148
6983
10265
10098
26667
6433
24206
12363
5171
24465
20708
6294
27825
13369
457
7568
10751
24026
3463
22708
29886
17247
23791
30428
20590
31773
1167
27304
5180
13657
9260
7715
26138
4362
23148
26532
27669
25057
8402
17907
10211
26759
9199
10157
12476
30246
27607
16874
16236
6186
26835
14876
16549
12617
14421
10043
24985
9152
13873
11807
19144
28896
11785
15661
32023
29130
16649
11061
1315
3447
21461
15771
30932
4091
6336
22965
29493
1802
2623
25973
643
18363
27037
6984
15492
396
5616
21821
27929
678
20299
4970
4887
4451
14901
16780
8019
32526
14170
32749
10748
22506
25473
29579
4654
21621
21438
24950
15299
28653
25065
6522
24429
18452
7502
29694
8450
10801
13222
26412
24598
29015
26183
30546
30415
6633
24471
1672
23285
11870
31942
18324
21833
28994
24509
22538
17176
26749
23889
17848
5647
11736
7101
832
1617
10429
30031
4103
10951
5438
29537
22350
27575
31834
30091
2719
921
379
22807
31595
550
10562
13493
14321
1457
32135
31856
28513
7866
12956
8673
24898
4545
12754
1187
23569
27480
11583
18183
3883
6780
8382
23304
13293
1317
25654
23425
21017
19228
13088
1437
9083
11021
19779
26255
23245
15837
5314
4484
20953
31805
19801
29142
25309
17024
24804
3459
28979
18089
19745
19421
25905
13513
7862
5251
8015
25992
7542
23183
9863
25345
3552
26641
5634
12243
11240
32189
3568
1140
17147
6880
11192
30409
1853
409
19793
16372
5141
19269
9199
5230
13291
8507
23011
16981
21808
28090
20412
2567
20639
6431
13491
25839
25795
10075
32326
11935
2746
18853
802
25631
2104
14444
15686
28037
25295
27024
30566
9670
6253
30417
27021
5324
16678
18568
2311
4041
32307
22677
3966
13258
23099
8600
32099
28303
32466
3684
7056
2458
25408
32176
16427
27526
22659
11792
23245
922
5783
9764
3043
5022
12020
27919
19285
19437
2137
10027
25190
28108
18376
27388
15580
26618
19153
25186
21856
8585
5908
3090
16679
26347
25346
12614
7890
11600
7139
25524
27795
8240
3357
6077
2450
11555
3251
12008
26255
505
20748
1678
10696
12551
21494
24279
18973
28607
26346
11749
25970
9092
23698
13134
22101
12476
27528
24528
19680
16422
11873
25920
28385
28269
25834
708
17209
6654
23217
24898
27778
17175
5831
5144
30453
12833
14533
4622
15754
22592
9997
14984
10848
7720
29266
15105
22112
5426
4699
26804
19486
16047
24579
25244
29183
23932
28805
3999
24481
1495
13814
19719
8823
24432
2323
24881
13748
19907
61
1673
12651
29350
14274
8886
29940
16158
28510
32273
20625
1655
8450
3932
29265
18324
29907
12209
6709
8323
13942
19128
22930
8276
12171
24349
25014
27436
2935
25409
9678
25749
10343
25136
21512
21528
31122
25812
27124
14350
24254
31592
26672
15027
5381
31534
26948
32124
9433
17509
8139
11947
28998
9334
32724
7456
19575
10350
6023
15986
13692
29616
23308
23358
9034
28396
26536
21951
259
25419
553
16031
16248
21996
21637
11277
8173
14228
11966
1808
7196
15521
20232
17179
3964
28992
29998
13281
1474
24032
17714
30058
21160
20455
15668
6759
22254
6819
17044
5315
5791
25731
2651
3194
1174
21639
24791
6318
10048
13301
5254
3832
31396
22606
2102
23804
13216
27008
12393
8256
18549
22621
32766
28734
25222
6476
2062
3767
7516
30526
20245
29259
14062
4836
9042
24391
5407
25120
27760
702
17545
17337
16485
17371
21625
31570
16283
16245
13370
10653
31821
8676
30103
5324
28981
21267
6299
21832
19300
10455
17563
15014
2929
4991
4727
31959
16853
30893
19484
3486
27286
12388
17741
7751
11299
22625
12708
11671
32127
29103
7123
12799
30626
31862
25136
13332
22045
1556
23665
27972
27388
23918
3763
16065
2544
24968
3522
5314
11950
7764
30868
2539
25234
11208
11030
24329
9608
819
3628
6915
24108
16081
10482
26382
5424
30621
22345
31519
32766
13670
18831
11942
7839
9509
12717
377
28892
2446
16727
12558
1699
6629
23951
11758
28588
17171
11115
1382
20059
32505
23065
4992
4585
13828
20000
4402
7103
24322
4584
21204
21538
20788
12157
19159
29205
31908
22416
9397
31355
31928
31167
3108
14973
14600
12822
29839
16683
2157
12245
29894
7270
2650
31091
2805
23805
10864
12772
23763
9750
588
17176
18459
19408
3492
4548
22336
17702
25746
7780
28253
29975
28719
14209
17514
3843
19812
8495
31926
6745
20989
21979
29841
22895
26623
17475
6473
6065
13116
11974
23129
8958
13604
4062
3036
29775
25310
10219
19784
19354
24984
6194
18520
17142
23835
12069
23626
7423
11426
18917
2379
21116
14828
28421
12336
9023
24208
1681
31334
11853
11153
21326
32300
21823
20274
4420
29439
28392
3339
23930
2646
3384
31837
19201
16528
23136
163
18739
14891
20791
12393
16189
310
21725
7777
219
14089
27550
14516
99
3635
8473
12950
25093
8372
21409
11293
21585
30317
28899
3155
20985
20436
26057
16778
12505
2284
17823
23535
8756
10357
27765
13922
2113
28511
8388
8581
17638
31877
30804
17683
26051
22680
1116
11124
20850
32345
2284
11150
23053
13068
17288
9437
22769
17193
1301
16838
14274
30548
8954
13352
2736
21903
895
8245
8184
687
18808
10624
10413
22540
25384
22102
24248
381
96
15698
19486
14212
13287
12588
6017
27077
17438
24274
31210
28093
28388
4538
16837
1456
9400
4726
1837
21475
32541
21385
30058
3596
30275
24697
19896
1287
6627
17189
1866
21706
20843
21337
12431
20635
26459
9376
30132
32641
25583
1625
28778
15608
31486
18957
9449
20968
4386
17408
20533
6616
7193
14854
27552
2143
25195
13464
2448
8924
24141
26151
28546
16999
18374
7344
4431
12808
2576
29073
20910
32038
10305
11163
11259
578
21803
1896
11063
7653
17024
23023
21071
470
27450
16725
22945
3217
23865
22535
26044
13557
17966
7685
7015
24125
18361
3201
13542
10289
22222
1960
31864
3997
10845
8896
20516
29443
32050
27251
4789
20365
10010
10602
11780
19013
20807
23326
2677
22920
18933
16619
8132
8888
15182
19815
770
24626
18827
23025
5594
25472
23645
23181
15129
1999
6027
1007
13422
10403
18140
6101
3437
28873
16695
19354
14298
5518
1801
32008
15653
21038
8167
10607
10545
14223
31605
23283
4697
9263
22918
42
25269
30811
32132
25063
18073
23203
12563
11088
25695
8330
23025
14391
16743
12162
10016
7591
30811
27159
6472
8380
9400
32106
27223
4024
10122
8929
6250
12628
10615
10781
6128
15956
32254
24364
28940
6494
19457
8448
19516
14604
8065
15392
12857
30784
18602
23966
798
16568
11279
12873
26827
17378
26678
1571
18572
13809
29783
30742
30710
16176
7265
5602
14610
6038
32318
29786
16830
155
27736
6096
21071
4427
22876
16590
8059
2201
12606
28935
4983
6645
17277
15500
10844
26657
8872
15171
28111
8768
7457
11926
21473
30512
13089
12136
1332
21273
11772
30797
20064
6982
15526
8186
16532
23604
14710
22522
17793
7657
32043
931
10867
21127
25389
15177
26305
4897
25365
4017
8552
7885
25454
8648
14835
20475
10685
25237
22686
31749
3008
3949
18874
28935
17908
15974
10323
1520
7001
3854
7185
28889
8825
21340
11868
22422
25511
17638
31427
20107
11397
6741
16031
14785
15561
4374
3059
17466
12352
16211
9111
24961
18963
16930
14998
3460
1353
7164
11988
16038
3725
22384
28404
15889
2865
16920
6520
23113
20852
21453
5930
10247
30208
5655
13499
17732
21175
8167
32683
21140
27311
31113
27240
5813
20347
31956
31674
104
27565
1444
3422
31359
22168
1674
24050
17976
5467
21953
31249
20425
27931
18020
16574
12604
10895
25055
1798
22397
706
21924
7905
32178
28948
26911
17754
29386
13954
4075
15343
23897
24104
27718
4411
29091
27396
21954
23762
19958
4861
14398
29293
28990
11044
24341
20551
32723
10553
149
19654
19093
24177
7603
18270
19515
20342
2556
24755
4328
19888
12239
32253
15359
13763
25802
7089
8249
30553
25218
13150
7669
18977
14199
14548
15311
13336
17479
29324
11635
17671
6433
12612
15540
11084
18301
10986
18648
1502
31754
31931
20534
6028
29928
6316
14340
16261
10264
8713
18026
23325
11825
32092
730
29902
17748
6032
28836
25725
97
10326
22469
17663
30315
29640
4096
25308
1642
20300
561
2131
816
28092
21469
19102
23455
14020
28941
15479
4888
11659
26717
10714
7734
10901
19792
16653
30653
27880
5350
19678
461
18029
8305
25644
1884
26522
27300
12968
29155
3662
2797
16093
1878
7164
773
20846
17498
22284
2757
24991
9907
23422
20027
11031
31739
32465
20989
20709
2202
11043
29117
12736
6898
30105
11550
20883
24282
29697
14022
31801
1358
5558
31156
1412
5220
964
2260
19077
29570
19533
11473
22535
1999
23852
1067
23133
29927
4567
27017
14942
21971
22666
5200
2989
568
12962
10100
12350
13262
5191
8847
21781
8212
26445
26928
11345
23107
13660
21621
2154
4480
15695
732
15543
32597
30683
23126
26419
6754
20337
28829
1920
24912
3941
19912
1836
20999
20047
15645
5940
24865
22450
8230
1734
1438
22747
30727
30539
11481
21772
6414
4517
10938
9434
15500
8373
31278
1236
25827
13601
25044
30565
18401
13908
20730
32252
13132
1222
2247
28009
8126
4477
26041
24971
26035
3796
23891
5160
18657
7803
1039
6940
19912
8383
12186
20918
3465
2315
2368
29023
31739
23471
9381
7548
21500
14561
28343
26262
7685
6401
2272
2232
1282
7714
25728
26905
28000
7877
12954
5883
615
19943
31694
21459
11722
9279
29831
26282
11644
28353
24949
16067
15302
9830
8254
10622
32151
29999
10352
8060
11035
3176
6331
27908
9870
12330
9309
14758
30035
7203
29917
13086
20288
9625
21500
24443
14397
16045
12777
23168
22541
16093
23476
586
1131
5325
30213
22323
12633
17735
4110
4855
15285
23424
25278
15125
16909
11933
4151
12920
32692
8309
30595
3671
24085
14745
28802
12890
12360
18066
1063
30718
19683
23145
29924
25914
31251
23149
11107
13923
24555
30512
23415
16205
29947
14035
30034
26547
6437
29827
14072
18136
21164
31044
29172
8815
24974
4589
22857
21688
7444
18036
27563
24045
20391
5740
19951
9436
1253
24268
10689
10965
32244
19698
25749
14022
16406
744
17120
15269
29054
20709
19335
32270
30819
10263
32663
15662
4178
10911
14904
25311
18888
31966
19676
32532
10240
15343
11196
4728
20746
15732
16005
27730
1053
31894
10574
8108
18990
22599
8654
21428
5313
1738
9420
29538
16128
25206
8150
91
9482
29623
25398
3350
17805
23637
28706
8765
8599
2041
30515
4950
20137
17901
6937
1698
28430
12323
19340
13381
1130
889
19589
8360
20630
19771
15791
22044
14507
4585
13848
25024
24157
20795
18477
6052
25483
2915
485
25134
3091
11154
15676
8381
12779
31677
21731
22925
16238
1441
4406
17115
9203
1285
24942
26441
30372
20287
13592
27011
15246
21497
2502
11043
32500
6965
260
23250
15081
25743
4749
11696
15134
19394
11967
18423
29432
5742
25933
6363
31205
3865
25652
11700
8689
4467
25328
16478
23700
11230
19951
1248
25038
31277
17990
31309
19830
7596
18851
17128
9936
30305
5762
18315
1629
402
8356
10826
19959
392
10685
19539
10013
21138
21102
27416
15243
4428
14194
6321
23565
30240
28444
4987
2454
2574
31489
16646
5260
6313
498
20526
18023
866
26157
18055
18810
23049
3027
31999
17168
23697
25501
20414
21435
18964
3531
1361
29161
8470
10590
12552
21176
13582
9095
5276
21772
15651
7007
17685
8926
16435
11736
5867
31959
537
15860
5484
25629
22064
3381
2397
5741
31507
14420
21220
4202
25511
27702
6822
2612
4444
26395
7724
8765
25519
6681
7051
10840
244
32457
8260
19219
15442
30016
16233
28999
7439
15936
29441
14829
27405
26032
11438
20531
25749
12618
22925
29136
340
26516
23902
3476
26275
785
18661
12355
28940
9656
20367
13219
30473
24741
16473
25556
10510
9231
1518
3808
13002
27514
29199
12947
427
31277
22584
15501
21664
15335
15233
4245
31010
7630
5058
18736
22901
29608
28154
26226
16427
15693
27634
24341
29931
24668
26397
18376
5744
10798
15043
1225
21972
11784
31070
14774
30479
21397
4421
27553
15035
10643
9351
2402
5402
20684
6170
20017
22105
4936
7733
12916
10262
31681
16378
24277
1057
343
10840
21912
2175
7045
16944
17963
19637
21076
17334
16127
7235
7886
28955
12695
14958
12214
5225
31967
4930
26230
22702
29118
32216
8281
15964
1518
29653
8186
12016
10508
25139
11005
29650
28651
30532
12284
5244
2606
4595
2244
24543
13846
13902
11458
9474
9880
11073
26552
24301
4019
9636
26804
22469
19712
9337
15683
1848
22155
25198
3298
12316
30689
170
10421
338
32106
20165
17276
15857
19449
21528
26050
12448
5794
32312
29271
28228
9932
6333
20225
11228
27270
29256
1391
11176
15647
21188
28782
1425
7664
9963
18784
20165
18813
1292
10729
25762
26813
28428
21995
24277
19125
30124
25013
27843
23628
8457
2167
8744
21082
17001
18169
30461
14850
4916
3725
32416
25410
17729
9283
6703
22984
26707
91
10804
24583
18660
16896
904
8331
11297
2867
11121
2441
3381
22789
7950
1723
16330
11273
10741
3434
7117
5385
4122
11981
5746
31224
3827
9361
27769
10024
31193
3001
16815
189
30130
16808
22967
26722
6093
6012
19978
11066
27661
20382
25917
3097
9802
6551
28547
15861
756
38
19570
25239
6905
32143
32266
24982
12009
10805
27891
11142
11609
14699
16902
15725
30853
14472
30991
30838
12089
17465
4305
8682
31985
10268
31819
8027
13631
7306
14650
17187
15981
5812
12255
15629
3939
24305
16386
849
17612
24918
7991
18374
4469
27784
27744
19795
3573
21198
7283
12710
11155
8554
9342
32553
20068
25130
1256
6962
21172
6970
6649
25723
423
316
21916
5585
14624
3994
18020
16656
19170
31515
4046
30286
22262
12981
14278
27479
9548
25251
28012
14170
17061
11703
11543
30433
25775
4336
26010
27654
22898
9551
711
28388
1516
13287
306
16973
14328
20532
28472
8379
20341
27821
32575
5512
675
7580
3902
30305
16848
32302
18817
4344
32309
27590
17062
24825
22555
2967
14572
25152
30786
20082
22701
21321
6274
26332
10792
31719
32691
25956
3204
19513
29899
28468
25106
26586
27974
17125
20947
29017
31435
32664
16954
10729
15372
25154
28978
14681
21742
27975
19811
12870
12778
11851
29873
9871
6834
5700
31750
24585
22552
6100
25682
4468
28972
32727
24784
5038
17317
15416
21130
807
31619
1288
7455
20885
11762
7121
14532
8169
7024
5415
9609
29825
23858
24705
9182
8607
452
583
22101
28698
23793
13356
12457
25171
3810
24510
22528
9067
1674
10043
22637
30387
833
28839
21433
15204
22958
10011
3427
22673
32747
9824
30693
9561
9444
1213
10041
8545
22272
12044
19612
4482
32260
2835
8082
21694
11316
5138
22570
1401
2747
9625
7811
15077
25932
26780
5007
32447
6410
5833
22295
19257
27301
2073
12031
9527
1990
16038
13260
9917
14254
25788
9827
3496
32538
28978
21267
8861
15209
26107
9686
3136
30976
23800
21460
25254
2286
22288
15913
5900
6604
387
29160
969
22503
25979
26976
14465
22690
13797
29342
22172
21781
12158
24371
4598
30714
16177
24887
10712
17098
25248
14733
28200
20003
30465
7017
9436
26989
27179
26896
25524
23997
496
11743
12841
22521
11694
31119
1953
15934
5665
183
31204
29822
24443
9874
12243
21614
20919
21507
27736
23711
23338
16342
17817
23274
8539
3145
23665
5650
5140
24011
10272
15013
14009
20227
10817
3875
5081
26132
7933
13154
3843
28448
32127
28465
2267
24587
23719
21564
2412
10625
4099
14128
25792
6458
4347
17439
3502
12668
2123
12837
2804
6626
2999
23116
17030
3421
25593
13741
3877
27000
28415
1752
21554
17120
29267
12918
965
8995
29147
2861
19194
21432
24258
5316
22667
23104
12982
648
29092
2571
19284
29934
18674
20190
6624
14969
19454
5363
31546
6110
23225
29250
19469
23399
7511
29951
3402
16277
27745
15204
11477
24841
32518
14512
18046
19364
21427
19312
28978
25326
1763
2301
27762
10676
3127
25158
16901
11510
32201
1487
12266
5632
30142
8954
28305
10198
9754
29318
10059
11221
8920
10325
12030
4504
4667
12914
22813
17945
14175
26962
30423
1560
2835
5466
22159
12225
22251
28066
22413
22409
1680
29689
26099
9305
9051
21033
29426
14062
11810
7292
15677
8320
19282
7550
32190
11425
30014
3845
19593
617
10423
25711
21006
24784
16349
2603
6290
31323
28468
15995
4576
13307
6395
26487
9531
19250
27321
2646
22936
10103
31000
18409
28682
23260
19958
616
638
5614
7354
4209
31400
4828
4324
8526
30013
15324
27369
13943
25955
4299
24381
22103
3174
4115
27569
23635
6572
9938
5887
2569
1771
27705
20131
15829
1177
11314
22253
29338
2724
1349
341
27839
24932
7612
7438
14455
14030
13317
21982
23878
5098
3673
29996
27329
18055
3483
14683
17045
4909
26499
14166
17354
17235
19451
31340
15177
25554
31177
22111
15772
18330
1647
8119
19958
8867
23887
15964
30323
20775
14867
20068
13728
7951
8780
17194
25918
9131
8793
16544
32323
1445
20875
7910
24098
15160
24967
19483
29004
6813
15595
115
26359
20166
31028
30857
21022
1103
8159
10743
23497
25266
4814
9765
27278
9658
4078
8030
25432
27450
6167
17449
26471
2302
15667
25814
13208
32514
7075
5975
1255
23010
734
19793
9778
6546
4443
4211
2880
28751
18354
22791
7425
28117
22270
12998
6935
27347
11909
9201
13974
18588
3227
2717
18952
22815
5827
25679
21173
793
15640
13256
3873
30345
27883
31010
26325
1381
22190
28700
32610
29835
19216
2227
8868
22778
29546
19954
23108
21826
26970
12042
25728
19257
29101
24229
26159
22000
24195
15480
32255
8165
23725
32023
7426
27002
12378
1038
18537
21414
9459
9261
10383
17131
13379
14883
2361
28296
10459
21839
12060
28655
16309
25298
9887
26233
3351
3817
28643
857
10426
20602
11264
4559
25900
21228
12178
20382
5747
12860
7797
10687
11251
15693
29900
12631
8594
12928
8520
23783
3097
10885
5287
27074
17629
9585
27258
29125
30880
28176
3884
2370
7602
18300
1856
31037
5467
6382
15322
27099
31870
3029
28801
4375
28534
20517
17955
14775
17732
31474
28505
13950
1516
13117
31213
5540
8220
8462
20890
10371
8719
21187
24594
13203
31153
3239
28230
23192
4
14022
10977
7450
21442
23808
31253
30486
18244
30045
29339
31219
26018
24736
11253
29111
21276
22815
16887
27259
3256
17361
12677
10781
19245
6057
29342
29236
3328
20258
29594
7753
3053
6172
22959
29252
8584
13798
10938
11556
24356
18844
17468
13299
23796
29875
17315
26873
1136
2514
17356
817
23034
16355
5061
31225
2498
7019
19159
22797
15335
534
24004
4278
29663
11415
6477
5695
32536
27310
9719
26793
14047
28042
30991
19872
6530
3154
22252
23213
32433
14079
19060
7852
27434
2924
13794
32641
18326
16560
24774
8199
32429
23723
10060
25161
18081
26591
11970
23029
6586
4993
17237
17165
8765
1488
17179
20704
7571
16550
14935
26937
31399
22093
5368
8150
14224
24723
2402
1563
17008
28193
8305
8968
24988
23048
32443
10089
26365
16797
21270
12876
12982
3207
3675
14776
18694
15126
18537
27548
32624
28375
30316
6918
1306
24933
22111
3477
19060
15745
13263
15665
3097
3685
27106
25081
1274
14678
18073
22653
3001
13689
13138
14382
8019
30183
18065
11795
9986
14851
8959
28605
26978
14348
18355
23164
32466
21998
13745
4819
17181
25694
3760
14378
2650
4133
4385
195
7440
32188
5484
20975
16286
17178
28797
10370
18650
13258
24447
25988
3065
13120
24807
21289
6575
365
7861
30211
7318
13713
19958
32375
21716
23377
10126
28270
30457
26121
24116
18252
29222
28259
13758
21542
24948
28201
8095
25648
11411
28247
174
2420
7090
23413
1065
12234
25247
29731
8185
8196
26416
1526
11831
17257
18145
27778
16368
15205
24510
1720
3365
8574
24708
5747
9750
906
9219
15949
18881
28703
23494
4535
1445
10060
19958
27465
715
17286
10876
32086
9223
28389
15206
20676
22908
30865
29836
9754
19806
24183
9843
27867
19964
8000
22641
17683
6397
26755
3602
16175
27625
30009
31675
19985
32236
12402
28301
8036
18135
28743
27532
20013
14184
23824
18945
9123
18123
22743
19741
23105
31072
31500
222
5913
17599
29817
24119
3435
29946
28537
31339
118
30498
16485
17850
6030
11532
31312
7487
14447
11860
15348
13337
23505
6819
18667
6089
4157
24878
17187
21467
7966
8575
6284
30921
2075
2424
30995
2588
18084
21653
26836
6100
5579
20593
17035
1802
9814
2700
15948
19924
31506
2891
20597
9833
24426
16960
29920
32133
11319
1964
14941
8207
20186
22338
8799
27642
18057
10286
10485
2153
3046
1622
2300
26902
5846
20704
4244
8436
30352
16884
6608
18451
12276
9155
31666
30916
22047
22216
1878
10239
4412
3405
25965
23809
1948
24626
26605
3129
23818
8426
9223
6501
15448
3270
26714
17657
7998
17782
25446
2240
18533
13005
3651
10181
9150
12740
12178
30068
280
13506
2741
6141
23794
14618
3899
18937
11149
13781
7326
24400
23110
26547
11825
4442
31523
7788
852
22084
20140
28475
6122
18358
8188
28829
269
23730
10007
25431
512
31424
25982
27830
28004
8776
12545
17946
9903
14911
24789
1462
22491
16133
20710
25745
12123
22670
12142
9680
14931
7105
18631
824
12040
31517
17790
17135
15254
10914
3752
23170
11489
31471
19577
17196
461
28584
13074
25430
16050
5402
4507
12634
5386
22818
22418
29580
13165
27466
1122
16763
20928
26678
13624
10868
19881
21567
17682
9544
27461
10589
13081
11599
3614
31818
17200
12461
32343
31972
3277
13268
3626
21972
27655
20043
13205
12141
2289
25773
27215
22998
26919
17396
29185
25196
16294
503
15539
6242
28385
18226
8580
17578
28945
26054
10143
6425
6860
25024
32106
6854
27609
20126
28673
2995
25155
9744
30434
6063
940
31739
10218
18554
4324
13251
10112
1323
6074
6858
26896
8399
22290
3124
21435
15443
10552
494
8012
32676
26740
14062
32110
28180
479
16060
25373
23040
10868
13873
1627
15279
27242
29054
25636
28542
29378
19313
25251
7994
28956
31220
25510
23246
21966
3031
23376
9246
16439
29647
16141
29234
1361
17598
24779
28567
1158
820
2664
30722
16069
12342
28006
6455
25556
28991
15078
6953
18920
31109
30676
21347
883
6269
24927
18342
1853
4513
30124
25556
7862
8561
29899
18188
3723
21432
28138
27671
11639
3856
11464
12547
23900
31144
7021
525
6802
6981
27673
11205
5502
24711
8058
6252
2663
25454
15137
31905
19334
7452
17463
14141
12636
25821
21100
26747
25929
24676
20273
1116
14937
18776
13607
25673
2145
11279
25559
7162
15691
921
23459
5528
6318
22272
30204
14622
17826
15310
28118
8965
18130
25040
19545
11808
26834
3098
3546
21701
11955
6987
4873
11565
27861
3346
12908
1309
1533
5361
32268
24774
32423
12865
4462
24811
23198
26487
31684
21569
30921
30373
6757
30747
24904
18244
30587
11334
14784
22832
251
7730
21490
26868
11227
12115
2707
10568
22399
6855
24663
13784
1396
7737
5456
9031
14688
10757
9846
20596
5433
23709
27527
23804
1462
19755
18193
26880
4867
27000
7372
552
10681
27404
558
25063
28685
10135
23866
24833
31560
16527
26009
17483
31095
30235
15339
18098
9059
8496
2911
1151
2755
6393
27009
11226
6321
1917
26708
5772
20571
29052
3745
12553
10747
30105
10894
21165
6665
1727
12914
27462
6318
9661
10216
10707
15741
24115
12579
139
17246
2738
23681
10785
2250
9247
16994
5191
24638
8280
31034
21361
17641
9242
4069
987
18344
3107
571
15309
18485
4499
23525
29470
20124
3480
32111
1015
6382
8266
14237
10457
12600
16084
12547
7137
8118
27861
18896
15179
3397
9478
29163
22326
27159
13596
9537
3238
27818
4336
605
20943
31995
24797
12089
6033
24567
20329
83
9279
14130
23080
5636
2980
10459
10718
25613
26696
17392
13796
22387
14831
29870
14029
3726
3427
7500
11336
22364
20851
9960
31304
26651
32060
7874
24931
1558
27559
13224
22136
3775
4147
10161
32149
5886
26869
2606
19480
5321
20957
19934
5652
18165
7482
3937
2806
20299
5504
8175
25960
13023
19529
10314
21109
13469
23195
30705
21486
15909
30313
21655
8717
19161
348
24019
20569
2355
29907
22809
14793
9821
20264
31209
30764
30715
26165
31302
27336
30795
17174
5994
4162
18545
27441
18104
14270
11532
14964
14066
19782
14605
13022
29100
17776
6857
25921
12545
27707
16205
22342
15748
6971
16369
2737
26745
6902
20016
2534
30278
13197
4534
7596
3364
12447
11451
4146
31770
23658
23184
8528
28204
13875
23671
4110
24016
26600
10424
23914
23713
16133
4081
11350
855
11444
19630
25345
7671
4408
12601
29015
26695
22155
26548
24779
28293
7750
30820
4436
26200
1730
2640
18357
5127
19325
4619
28930
4073
17599
25294
16224
29
2685
21961
1036
6778
15997
31675
27295
713
16827
3265
31120
22834
22796
2667
31738
3317
1281
18453
14495
18267
4366
19829
6702
747
7659
18288
11457
8928
11067
31538
5290
7899
25708
28541
25199
5846
13534
16449
26643
25433
26439
20590
29591
30192
21590
19974
4801
7644
25750
15478
17436
1289
27030
31014
14656
31040
4679
28239
3667
21918
32421
26637
6864
8261
13977
16309
16263
12369
2078
20840
21990
28686
4260
28648
9334
3944
30129
19115
31912
15010
4302
31278
26066
10571
4769
9868
31093
6510
24919
31823
21697
2826
13893
25478
17243
20417
16078
11544
1885
17108
17543
10839
25247
15695
8345
25304
17717
6785
32359
23683
17720
24751
12657
10726
17354
25098
8824
13006
25428
27101
6116
27417
13074
18955
23906
27590
13266
23737
3793
8782
6648
20040
2655
2615
28870
17286
19951
9446
730
12325
17343
9141
11256
29036
16967
30789
30730
300
17252
16150
13157
21750
5813
14420
20558
15755
4933
17140
17853
23188
3179
3584
19297
30355
3567
29743
5859
24346
9070
13753
32367
3387
12032
1129
9329
12863
4887
5620
4252
31898
13227
12425
23089
10527
4756
26025
18302
13425
2871
28473
1701
16570
29028
25302
25502
927
6015
12136
8063
20595
32734
6394
19707
4778
15731
9929
22057
19601
18347
14234
3975
28221
17813
12369
31807
6337
5191
30912
10153
8613
3198
15037
14352
27283
19332
6007
7865
24914
855
18186
2337
15353
5639
22096
30599
17756
96
30458
7338
19915
22473
5600
27348
5116
24428
11158
29207
14917
30871
31552
29655
7182
29282
13223
20361
6023
31891
9868
11449
8086
16830
2620
1618
10772
27825
31076
31514
20024
7439
9511
1916
10067
3898
28014
3210
20414
31606
21375
18498
2065
28748
31442
8976
24214
11309
11295
30357
27390
14936
3772
12711
29266
22270
3110
32153
1836
24227
4574
18620
31270
19655
9590
23077
11923
3526
32491
21169
10093
10237
7477
16199
24719
46
2333
8285
18468
15653
14927
2750
27744
3740
21168
17802
12654
23389
9201
2430
9129
6822
13157
17781
14862
23761
12303
3119
7409
18228
3840
3922
17648
1863
16864
19374
1574
260
15306
19141
23457
15508
14429
7563
1813
22311
30991
29802
22737
31524
27845
30857
13299
9090
30113
19022
8920
11893
16667
18722
4055
846
26196
2164
30255
20380
16038
5632
7997
8088
11392
30033
16371
21952
17521
29828
2693
17857
3202
15952
2149
30362
17865
19779
20594
20479
29755
9294
28013
14075
6338
28804
2220
24026
20880
30751
11538
19270
21682
31428
13886
23728
30952
26376
16387
18418
16564
2354
10776
24626
7089
5954
1041
8713
21030
15923
30094
19172
20187
5246
30387
32683
15147
5599
27864
18081
8539
3163
32641
22668
2346
2690
14736
3349
17065
23282
19129
26225
21325
2332
32055
65
14659
26443
13245
26039
30979
13794
944
4859
10536
20452
16275
9677
28799
186
1475
363
10846
26417
10084
27061
9527
2499
31643
22927
12140
23
29437
6279
26213
21963
32584
21432
31713
2672
9041
15853
25993
21206
16190
31498
10955
32650
27893
23208
17637
11422
213
9728
17728
7848
675
1290
13824
28941
12999
16102
26841
31104
28600
22906
10276
1221
4021
23645
32306
20667
694
15091
1760
26521
20642
10714
32619
16504
18370
25477
2182
18706
28534
8231
20138
15561
4902
17619
3246
27883
31100
3553
7319
24116
7120
14483
2737
24468
29156
28665
24287
32307
9682
273
4143
31411
17474
6707
22193
9141
15584
6572
20362
14750
18190
12202
10052
16283
32469
22360
15976
24034
20002
27465
31823
14651
30255
22810
17461
25535
19775
14419
16527
19168
1166
18575
30878
18090
2696
6877
25669
11849
23865
27237
29208
5578
24837
26703
13237
6438
3993
32480
9303
22652
4897
20454
15784
2462
8635
29271
20183
17103
11564
13109
18923
25291
15059
23988
31575
14856
30683
20127
24526
22844
23988
22264
3160
10527
31427
12767
23718
12146
13144
4532
23458
9536
3809
2176
6731
16996
25950
20369
26816
25163
277
12901
9626
26107
2183
8394
6015
30548
17570
11330
1269
4502
5944
29868
32371
29476
13744
18465
3774
23688
31740
31261
17779
16566
27595
13791
20447
19093
11263
20498
5143
23483
7265
23468
581
26744
20883
1559
4161
21783
3399
32399
4961
14432
1711
27851
27793
10082
5940
15071
15014
28271
8043
13921
1775
23399
14405
19658
8205
32058
1158
26400
5893
31912
13944
10450
4756
29259
7648
5604
27843
24024
21041
25675
20154
8866
19712
31899
16089
11615
2232
28127
21765
10031
30607
22728
2368
23002
26296
5643
20605
10585
8666
7172
31666
18073
27330
26527
3374
32635
6485
27768
30765
20511
30664
20545
32426
6498
12051
30053
8564
8357
22434
6378
22148
15569
590
1948
31118
21655
19853
11880
10966
4605
23269
2566
4165
28438
14503
14811
11452
16
5081
14877
16808
7797
18036
2360
28375
22954
5584
15472
1162
20668
13660
18376
15307
22875
24978
32035
18688
6183
10026
1706
31937
28203
10894
24685
26343
24487
911
5453
12261
22547
342
17177
7260
28512
27293
10743
28393
5249
3615
19206
7234
16682
14156
23105
1409
6872
23362
1959
11455
9489
4601
25497
6117
26861
12221
25219
21951
13781
4834
17342
22866
24459
31155
24501
8048
7530
29867
8519
21129
28400
18664
11885
24772
10617
22236
1053
14414
4941
22854
2414
7666
12253
4192
24060
20971
8522
11610
26510
30454
17191
4616
25334
28587
25216
14552
31801
9740
14107
22790
12784
29023
509
6931
2030
3641
30000
29043
19747
23772
18628
27014
30912
22978
8468
2249
25244
1146
10827
2638
23255
10419
3366
4201
25789
15767
8443
7853
6381
20314
32506
28694
29370
10002
23219
32136
3281
9417
17368
18552
4380
32720
13636
15849
24551
24919
5437
17819
12866
3387
2806
20863
15270
3359
19800
365
3803
4542
20226
12057
18968
32383
27535
30276
20077
21323
31255
3375
1630
26779
26872
341
32721
12757
18134
11353
23850
31192
23776
30014
25012
19925
15957
12758
7491
2658
28999
15485
31511
16073
5280
4615
14340
23206
10082
3062
976
22961
21811
2800
20957
25048
27672
9585
7431
1937
24449
11966
8912
11374
31878
10778
22971
11249
13168
32315
9973
19107
6779
31999
5946
7008
3546
4956
7927
20213
4348
13717
9644
8685
21774
23476
24725
23719
2241
8756
16521
6572
21837
25342
30498
17984
11446
23191
22302
4407
19789
11671
5125
15370
7803
25181
9484
554
19130
8961
20282
2708
15076
23434
6857
6054
22192
2145
14287
26929
11897
18694
5662
1231
29250
2818
13416
22647
23032
24861
27303
27470
25334
23248
13243
4288
1743
28669
14933
20944
20295
21726
11541
172
27554
19004
7663
10885
11042
15841
28883
23453
203
20303
7565
27042
29801
3250
18666
14394
9428
31764
31004
11231
16243
17616
26975
16109
4351
3401
16605
27897
5001
24795
12495
26725
7615
12818
15846
20017
5995
19738
14569
19476
22332
20087
10911
27852
3529
29174
14063
32434
25043
19940
15174
18577
8650
20093
11321
184
11923
1447
30316
14926
905
8929
26290
15590
32706
10102
23925
31315
21651
10998
20825
5822
15702
17382
25884
14070
25706
26807
5313
2310
6524
23797
15853
15117
15621
32449
1937
21578
1300
2177
27849
9335
32590
6870
28420
15704
29747
8911
13158
10899
4003
28764
3946
23490
29344
4357
18636
29895
4693
17115
3238
30815
2135
5039
25049
251
14380
131
6830
31691
28170
10558
2493
6683
23264
27812
32270
27874
4507
132
19071
24216
27042
23091
23653
32585
27298
31546
9590
22248
9617
30284
23783
12773
7917
16507
23505
7169
11845
8875
6361
32098
30459
24390
1808
3554
24136
24625
23576
4781
8832
255
393
6667
30616
18789
13714
10618
19685
11246
7908
4608
8230
7408
22475
24255
453
5567
13470
4554
11866
22560
18778
9015
24945
1537
29322
30326
17805
24935
25962
14817
9581
18599
2891
25747
17037
17113
11321
18046
29936
12426
11484
24248
30749
29873
25500
27670
2408
10724
18696
27644
15218
14284
1913
31603
8947
23767
11762
20092
16567
44
2635
12709
19687
24548
28303
18905
18314
28535
26018
1660
29259
31348
6951
31160
6013
24438
31392
2833
16988
30547
18903
14400
19606
31894
17022
22590
25866
1840
28434
5279
29647
28778
20229
3361
32632
13086
1563
22917
30614
7207
6933
23965
2175
24342
2445
9127
23630
25382
11041
12505
27947
23667
15315
2109
19661
1382
32176
20415
1340
3188
16304
19333
30428
2568
19422
9086
22439
4797
184
10046
14266
14801
6617
1033
12051
6103
27605
8493
6297
10667
5989
5781
32348
7083
30660
29084
6943
21796
20568
15391
5396
22539
32149
31190
21990
18670
11551
4068
9212
13097
24878
19116
24829
23901
17207
30183
4495
16926
2505
15091
4709
236
30133
14702
7800
23397
10865
3588
2708
4792
26046
15237
23063
14685
23177
10811
4342
19716
13071
12666
26368
11467
32325
24440
16487
16307
3191
29535
3964
24405
32559
15777
954
23249
4184
23180
10758
9736
21667
31518
25141
2315
32042
12314
19919
25554
23636
27483
7186
23090
12792
11113
22330
31753
709
1354
5888
15804
32481
155
15457
21731
15312
31199
6816
19778
17816
32534
12686
27132
19234
23186
23817
9987
27108
16390
7619
28371
23741
20448
24389
22624
4640
25816
24371
332
28021
24521
6609
22622
14268
26048
24518
27696
884
17491
31008
4647
1979
28725
31129
31144
14006
20999
10776
32649
4915
21872
11131
21958
2445
28271
13972
21366
20432
2288
7537
253
4382
5790
29153
13442
26706
12025
30003
21156
28130
30120
13633
1896
23818
15120
31406
2934
5159
2853
27755
18822
29793
7808
3200
30741
25740
25011
29193
31580
31568
1753
25726
9090
5256
21873
15416
6929
21993
11372
11313
6567
26340
27268
22796
12014
24525
12496
24917
14797
13372
13205
15113
24544
7348
3424
2649
6438
17282
18513
21931
9210
14568
4538
15074
30021
29307
19433
2527
30961
22986
29249
26695
13985
11840
912
25223
11935
15948
26268
3606
789
15294
31999
8442
16769
12149
22581
8846
24675
20535
17652
6530
17720
16608
8379
23331
26284
31167
11694
24541
24332
24893
22689
16638
762
22463
9587
17340
20580
15054
13725
5498
18871
9078
7434
7495
4431
25579
31018
1704
22835
2163
32322
27031
31487
24447
28422
13259
19489
19739
12905
14138
584
28041
31668
477
15386
19241
14549
25267
550
11165
15098
16392
21529
14377
19807
8951
5684
1376
11876
7214
29437
15869
7907
26097
1333
29967
31680
26466
24075
25433
5570
31999
15247
5112
15265
10860
873
17478
10848
6515
21963
31487
22492
2633
19620
6818
19366
6418
15127
29466
31246
31912
299
5790
21888
8856
18372
30166
2580
19566
14546
1855
5984
4659
1992
32208
15505
28211
24144
21214
27322
13828
316
10045
12651
9411
16832
16296
22918
23201
3807
8290
8782
30110
15140
3102
21697
10133
19090
27165
8488
28025
23773
22422
31468
19422
2011
26714
26283
13499
13877
23224
28299
31342
24162
17054
12494
29696
9686
28674
15527
13995
17526
5248
12620
2201
15440
27717
21325
28911
14729
28203
3108
2314
11926
18213
2061
29448
175
9438
26136
6539
22657
5021
11900
7353
27428
29548
814
4232
20300
18553
16050
28728
12995
27324
30002
27425
1047
22746
3021
28334
25744
12874
23089
4522
30308
7350
2668
17594
23342
6308
11007
27691
30365
2389
10036
18158
18793
29677
6578
18145
30860
14805
11599
15953
21678
21086
37
1724
30177
18343
15592
1243
16270
31424
24183
11743
24751
29455
20912
29180
9279
15603
27017
12324
9711
7080
22876
5909
16155
4715
10627
6037
16380
2270
23077
19452
18719
3757
10319
30964
22806
626
10567
2941
25197
8150
12317
14388
32224
14585
12674
8148
3274
7957
6621
7421
24545
32350
18844
7988
13857
12588
11208
14124
10246
20059
6877
14403
21246
30450
2008
4944
22814
9988
6033
20124
2324
3540
10827
16174
16989
12604
394
26444
27064
24656
30757
7742
474
14654
155
25941
15459
18041
23978
3628
5905
30486
18718
5678
22835
30326
31976
23384
1377
10021
21103
3648
4971
17666
27691
1367
1679
29344
7535
21867
13295
13805
1158
21360
19778
10257
2818
25471
969
23705
16465
14623
22404
17365
17041
27844
26279
3198
10661
2709
20808
18588
10377
32370
1370
22951
22754
310
1758
26605
25818
27449
2136
26931
810
4122
26496
31391
31096
1979
25147
4566
6372
2188
6089
18785
26846
14093
10816
19541
29754
3726
5177
9523
27782
18233
1737
29709
6043
23891
25523
20458
15218
7615
10203
22380
31801
23492
23038
13488
24742
13328
20897
6262
28812
252
27207
28802
8620
25617
30439
23874
1741
2251
2461
10928
29967
1182
25504
20602
4988
30775
8564
15712
2272
22020
30561
29150
15322
29174
4643
11788
22836
16006
28643
14018
5232
23286
17766
30207
22179
22233
17285
31372
20359
20181
20701
6876
7371
18088
3015
16183
31661
25705
10379
5912
14539
28944
32720
15827
21046
16953
24919
4730
32713
28965
32489
18178
5561
770
910
27298
30060
26220
11008
29564
143
27187
27999
2943
16995
4447
4902
9356
17239
26737
17758
6103
15068
16364
28178
21649
4981
28692
32002
25028
29965
2550
25755
14206
18830
6568
25383
13105
28591
24018
27714
11098
4110
6253
18061
26209
18558
23755
12710
30912
8610
32472
10327
20072
699
1951
4877
25440
6078
21264
32396
28592
23978
15104
10978
2685
18712
29553
1689
2165
15123
31764
27185
6510
14379
19212
10190
26953
5573
5365
17197
18461
4533
22053
26076
7570
2063
305
25515
11146
15161
30387
25438
25607
25157
10827
32676
22089
29054
6372
29773
30518
20801
29753
11191
18687
30479
10135
16521
9729
5343
6628
18340
13033
21177
20704
30295
15388
18048
22955
30930
598
7696
6792
3294
14992
12169
29152
13515
17704
25577
18058
5801
24636
12257
27977
23483
22870
3809
1942
9256
591
13430
16288
25332
28013
26581
1426
13871
13519
15800
12820
3948
20747
9320
12820
16501
17173
30235
8134
16445
5475
1409
27881
15382
30798
22682
589
18724
32188
1482
30866
18962
14332
26415
20018
23811
16369
6194
16066
26060
26227
29020
8052
2144
5362
30316
25825
10123
8540
27302
13829
15332
6465
32621
12427
5885
18486
20756
16971
26332
32119
9714
15378
3503
21712
9140
417
8635
1725
28407
31480
10646
976
26903
10964
26774
24403
65
3702
20361
19759
17872
10918
26022
14092
16086
27128
15812
11450
8952
12366
19402
13263
32128
18334
11879
14994
25773
2549
16643
12824
15181
27836
2549
5037
12430
20795
22774
21878
29202
15963
10709
4692
17473
26544
8045
26890
29923
9654
10965
22179
23534
17243
13014
4110
24220
17598
20386
7948
10433
2871
28354
17996
4188
31383
29521
28883
22380
945
9832
12450
16389
14361
3033
4243
9890
19243
28448
15749
5821
9295
15510
19128
3485
26236
31464
5498
24432
4347
30920
3076
29337
7534
738
23455
17739
16144
13842
18955
29015
10046
16852
15904
8770
29495
12028
15286
12699
10016
32423
22211
23947
23115
13681
25027
19886
30904
9960
23389
23073
15836
5441
24387
18653
19618
31050
7770
30019
2224
1696
8731
5623
5355
16418
24377
5362
6973
12453
23427
11731
16790
7146
27405
18038
28720
15309
18570
13768
19736
23998
3325
27866
4330
29813
19089
13876
6363
29154
20164
32619
23037
32099
20427
24822
6591
23098
2354
22589
4019
4670
3012
26611
21653
14544
17578
4774
17032
23057
32727
25492
10914
27219
27043
31169
939
18893
21429
18758
30242
12434
16679
1772
27009
5828
32229
29177
30403
27908
17750
28746
25634
14638
15423
12450
3621
27459
16868
18242
25050
32423
23664
30906
19552
15245
17558
9982
17321
11439
21625
5308
19582
7490
24009
29421
8644
13097
11055
27819
24829
31081
12524
9538
24594
28381
12477
23689
4175
27947
21761
11635
4783
31734
1821
6881
24922
25685
1312
24250
12908
6276
31395
12094
30712
17370
8436
28311
8525
5883
10867
30897
375
9295
32059
844
32521
24755
261
17488
28954
7278
1098
21088
19854
2150
31912
29617
3223
7060
9863
20253
25978
27829
18428
13171
18583
21570
6894
26898
15012
27299
8823
16822
30009
13984
28556
23185
28817
8216
6369
17566
14991
31477
27143
1842
16127
15967
3543
12500
25887
15408
14356
27214
9821
27816
4684
16388
611
8803
28671
5509
29777
14983
3588
30560
19785
7490
24871
16185
6193
8820
14359
15899
27316
11944
13440
24848
18314
7241
24436
1007
30202
17683
23823
26230
29341
16327
859
30616
23908
9763
22641
27416
2268
30481
15329
19799
3761
26911
16212
2411
3442
16687
29296
5488
29587
367
9724
14627
31672
1164
27205
8877
15921
22819
19648
15804
31680
29049
6384
216
1443
31595
8330
9461
26318
29864
20184
31556
12921
20253
2907
21839
7130
14769
12212
13125
15156
24883
5317
11410
9232
15760
31507
18099
12490
16202
21102
11849
10064
28965
9429
1644
6951
25124
10388
16961
12463
27571
15791
15567
9639
10278
23171
782
17139
11618
11179
1089
7069
24538
27425
7302
15643
29118
12965
11692
13520
25198
19811
14916
3797
4661
19664
14075
12792
15924
25813
1575
15621
30876
21295
20895
18757
28961
22038
14032
13893
8619
30236
30989
25304
13134
10073
11815
30559
12156
1477
6462
9544
20857
12517
10198
32725
3088
2730
17709
21023
6021
23958
30669
5722
7114
11808
32093
29274
19189
15194
22716
23894
32754
29393
1617
21229
13685
23476
19100
14182
26931
15673
20241
20796
16210
1085
295
31706
31262
11307
26540
30627
6653
12062
25179
31541
14757
16714
1968
27119
31372
23448
5371
21425
5536
22928
9396
8674
25657
11900
7950
5560
30028
30154
6350
31667
737
25267
5214
14443
23495
21274
22813
4748
5510
2487
21754
24095
6805
21364
15425
27915
26829
7191
23476
26843
5150
13858
20702
31169
24961
23031
7332
24283
3629
8256
17437
23478
5902
31630
29604
7953
5235
30016
22571
1763
32263
12711
8914
26015
27394
32616
27320
11446
8864
30241
24848
8285
4307
26703
2936
30866
29492
11375
30855
4953
21056
355
8869
7244
6849
4632
29984
19794
27530
23654
10108
11439
27495
32567
25354
27709
15188
13292
26300
19960
22765
30460
7479
12736
1318
9182
22826
12379
828
2090
11230
26554
17388
12795
2575
23677
20706
32151
13051
5305
3188
9810
3512
20472
6544
24239
28874
129
32755
13257
2037
27098
24732
16369
19536
2188
20097
28825
17051
10022
8064
25457
29650
17540
18840
7887
21506
12113
8281
10580
2908
31435
1689
17613
21896
12486
26729
20567
27452
25844
4424
5575
10764
3427
12950
1608
28292
17479
11851
10822
21620
22266
31208
18571
20875
17985
11694
2216
24103
7121
5134
5271
8300
14610
19810
32158
19860
802
23514
26742
13701
4125
11193
17581
11433
14748
27585
4937
18426
14459
18923
174
8028
11744
26716
21954
2608
15736
7829
1102
2598
7428
23274
21160
22610
15637
14389
27279
18563
28435
7115
20310
30416
11396
28591
32581
29555
25483
19718
17468
24795
27823
10955
30617
14332
3550
25796
15708
9962
11954
11957
31369
15782
8691
18387
2766
23863
10332
635
31078
7421
4258
29732
16701
6723
6322
24979
22613
26131
29754
15182
2664
1358
7276
15954
26319
14076
19711
3336
17826
29920
21110
21622
10273
25167
3492
20914
30802
7491
20592
19357
27628
9644
30678
21709
3700
20230
26414
27083
13990
28720
18609
16255
27414
17788
14137
21992
31255
14595
13640
8977
18652
1339
5452
27200
7645
26059
14113
4976
27260
19101
16088
5889
22505
16693
10423
20911
6979
2114
24192
21697
21760
371
12791
1666
32654
30092
24734
9973
12602
24249
1219
3269
13650
11554
6076
11899
16518
14783
26994
19443
17556
23406
12572
19473
10021
21059
6989
8880
24561
32031
31025
21211
16938
3460
29971
24896
29976
11687
28707
19169
24577
19655
28023
21517
3403
1470
11855
17295
18660
21462
25501
24101
32226
2525
6341
13876
5991
16252
15265
9145
26824
10436
26056
30851
24814
3082
19216
17568
3324
18933
29009
16149
11825
11221
5484
9938
26385
27702
24972
12260
17343
11702
22700
20717
8622
21523
7002
1233
14968
29576
27066
21683
22030
19034
1741
15904
26642
30894
24819
18825
7297
27293
9135
25847
6037
10378
5803
22266
27882
435
28156
24034
4575
17671
28582
20274
20287
31800
4707
19282
30241
23824
31136
22916
23564
25864
29385
25
25183
21271
22470
11493
3312
29640
31430
496
27636
29583
32571
23150
23839
11101
17445
7154
26636
7026
17300
10206
14814
2163
2920
286
1064
28348
13148
31254
17162
16375
29763
32472
11933
7917
17553
20379
23441
3485
7708
16233
20245
16779
20772
19223
2551
4699
2193
7290
20237
13982
25469
19928
10451
17132
18418
413
29269
7987
21237
8783
26448
26190
2499
24260
32660
25562
12378
13971
6572
9285
26939
10952
14529
19239
623
26332
22972
9174
5064
30180
9131
8245
21097
22536
30566
14796
15752
3127
8818
26910
2163
25113
14629
10038
26065
10309
23563
11652
6187
2741
27785
26599
27563
13686
29888
19723
32035
4004
18100
4341
29264
8854
5806
26076
1889
342
5343
16187
5555
17492
19013
19236
30687
27995
15571
5591
28406
18371
7884
2963
27915
6377
3440
19628
26866
13532
8922
2014
8008
19289
24361
20193
25779
250
11486
6461
28011
10410
1157
26976
11770
12636
29592
18414
14656
7165
2720
2392
16313
3494
30365
4528
5123
21015
18856
2748
22682
25185
14039
16457
15079
17378
17761
5825
24441
21366
16130
20480
25490
20716
23969
4708
6117
16055
31793
26147
22686
27110
20181
7394
9891
11863
26183
22403
26137
19239
634
7742
26155
23404
30846
16115
5638
18215
12197
26046
2856
16500
31204
9165
15579
8452
19323
22638
6396
15309
5592
12396
22017
30464
18873
12188
9787
16956
17554
30899
12375
15617
11566
18266
28971
8551
920
20613
27312
18192
26684
32000
17482
21083
24138
12874
16464
25562
3419
7591
10952
23559
18007
13681
9586
1842
20374
25775
29961
17854
15429
5353
13253
1165
21260
2618
3364
6585
18413
17830
26346
22917
19824
25006
7014
30611
16637
7458
10488
2135
30345
2103
31440
14027
26485
2009
12024
612
18610
9026
32149
6469
19498
20428
9578
8884
4443
12035
413
3530
2373
29439
11454
14446
20871
23793
21765
644
19141
2555
9691
8545
28236
581
27292
18306
9977
15949
20124
29822
12631
5758
24168
314
18183
20741
11854
15452
6501
16864
18975
11010
24424
12599
21043
16819
31434
31728
27054
10646
30825
8830
23042
26081
28654
14841
4021
28053
1708
29556
21605
3433
6603
11659
27145
9731
21413
17467
27513
6766
12400
4855
5681
713
13854
23799
24913
30524
25473
4052
1513
1841
6835
5202
23668
12480
2741
8572
13218
27754
23638
17911
1115
8459
9814
7056
9984
5130
27852
22807
28148
10707
12229
13936
18779
2695
19758
22247
22561
32497
14836
11716
2622
6589
22121
4383
14393
228
25066
28406
21483
27499
20927
22653
5766
10061
3906
22453
20438
15286
24899
17216
15046
31601
1196
1140
31525
7076
14433
942
10410
8891
16490
12009
2870
17314
9300
20111
27738
31031
11476
7310
8729
30207
25774
20911
14063
15383
8405
7460
21266
29038
21460
14943
19191
17458
12396
6443
30488
29576
24447
19445
14581
20608
19757
12394
20824
19272
20796
1608
27614
24736
14013
26733
947
31629
26348
23605
1437
8018
15193
27394
21308
28060
15173
31260
2960
23805
18511
21692
15547
13211
32336
7267
25352
6698
19075
4976
22829
23319
32233
30194
7629
8710
24299
21691
4673
20351
32322
9910
5784
13540
21268
1146
9948
19623
25183
16926
23959
17081
30107
23375
32662
24902
9371
26017
29933
13727
14005
32035
21308
376
7970
24374
23856
19539
6311
10143
6988
10556
9333
25562
29161
1207
28751
28849
22651
3831
26602
22030
5655
5712
30105
5390
10034
26095
13866
7254
12460
31945
9226
22186
9229
12497
32176
1980
30990
4718
27449
27457
8283
9260
10064
19018
5015
15026
12113
31442
9888
6388
16046
32147
32277
7337
6545
11807
20246
3840
27331
14635
19531
28046
14540
19758
25640
16267
13916
14635
13423
19263
29161
28106
22262
16311
10394
5294
27562
9916
16484
12803
980
13062
11635
1110
21147
16044
18123
5802
18122
3551
20015
14536
29140
10712
12097
20950
24598
26639
14828
16683
18011
29102
23551
16738
10405
24389
7706
429
24107
15551
26574
26988
5790
2453
20224
14847
17584
2369
30350
728
4567
30710
16438
7124
16206
30606
21939
6603
6238
18628
19752
29030
23003
9379
27842
15408
13041
19006
20889
21488
17185
5282
32216
14391
14726
11529
4638
29237
31069
11600
13860
27344
26564
18091
29855
26360
18114
16536
3688
7732
16776
25617
2266
8065
3574
9990
31611
30813
18273
11274
24799
21023
26260
27213
28362
31113
31508
4554
14741
1184
2473
32705
9939
2747
13337
22376
29492
8923
3639
4830
20393
7226
17436
8288
22984
9511
30133
24511
29555
21520
27518
5137
15796
18145
2188
7591
15084
19597
7633
4160
23597
19689
668
31100
32228
25281
5727
27540
6075
23590
4021
8263
9149
5381
15523
18456
187
24574
6174
22966
21487
29042
22734
30140
11744
222
23826
12954
30341
5224
6212
25811
25773
10936
25918
14186
1183
14089
25117
10390
4605
9088
14661
16061
10478
19900
31653
2464
4731
12718
28732
17364
12346
13995
31963
10353
19242
21183
3117
20750
18911
30789
5366
12268
4575
436
9880
31345
6219
4028
7899
6104
26050
3474
27885
26664
4482
20360
1448
30562
30672
32736
27924
28927
12187
19938
31021
26521
860
4908
12774
17641
28992
25418
29293
30193
30345
14726
12209
10106
10801
14593
2082
9921
27345
13059
183
14958
9154
26512
4918
1989
28034
13372
29104
22560
3417
9536
9034
21149
6204
7372
24132
32276
15601
1183
17203
8012
31092
15830
23953
18286
16282
17153
3448
9913
19700
12412
16043
30584
14838
9981
4310
5425
1112
15465
21783
5152
6333
28396
1212
27875
8083
20040
5455
4215
4410
20333
19920
30819
21864
32331
321
1843
29132
484
21096
19752
3057
9893
25808
1326
16998
25334
7953
24078
8476
2576
25169
25573
13583
8462
23307
7637
808
2631
20239
13306
26210
31452
3274
12704
6445
28301
24520
14259
28176
3537
11895
13174
31633
14885
9518
28024
16217
13476
4717
1221
31892
4824
22631
10841
22935
30160
6077
12506
197
14194
30605
17542
18611
531
11947
24426
10122
1605
12846
19924
30125
17136
11567
22284
17308
5029
9677
24127
18201
31022
29556
4028
9097
20586
27232
28259
4508
27480
24668
21849
10800
16497
28368
16897
22643
9275
5626
31272
14152
16667
9596
25216
24045
16746
3607
6480
24538
24524
182
10601
1004
20925
32430
26972
30402
16493
16196
23274
31848
17358
3696
7868
25906
5099
2272
20565
18923
25723
22848
24132
21295
7862
23225
12958
4118
28007
17591
16299
8211
20291
17392
17632
13339
9081
9378
24589
11017
25738
29211
16088
19777
1371
12159
1130
27539
9353
3526
14184
25955
2556
17156
19493
23047
8895
26349
7958
2417
28430
30872
29574
10254
5809
29059
19082
10733
6025
2520
9784
18724
17001
4590
3348
19312
31271
1299
25035
19227
26866
14729
25380
1827
8165
20942
26675
32408
21725
21280
11472
23366
12936
1345
16967
28564
28351
32632
30801
19372
6934
1752
21059
11740
25521
8644
23686
21052
12377
1203
30279
26002
23502
15409
25455
8050
30047
14375
15062
18346
16569
7259
1203
10973
26621
31290
7512
17005
5141
22486
12316
5022
24391
10283
24216
2553
22026
6310
26646
20719
31257
22504
25926
28863
31687
14791
27699
12954
7570
23701
12406
4100
30202
13221
29609
12669
916
6924
23071
16481
18266
22693
30674
4109
22853
11864
10653
25155
11038
24987
