1000
31325
25339
7587
850
30658
13999
16158
18526
11883
31371
20546
16904
28771
1280
10251
7285
26122
5756
6272
26519
3422
27546
2083
23294
15992
16278
14987
3057
22873
21251
3152
18878
231
19136
9767
5198
1843
31528
27470
24828
28413
29577
10027
8615
9850
24023
15920
16902
24405
1698
26113
3900
10227
8518
10457
15789
10747
7266
14378
271
12822
6795
21123
27332
25843
25409
16567
615
17807
24609
11836
19621
28851
31325
24785
13390
12734
27754
4963
2475
21668
23544
30770
3091
22839
20519
9776
12729
27557
22520
30121
8648
17986
29953
4137
5298
24712
7782
14235
3780
3932
28676
2222
10495
31379
23023
15485
23587
2997
25631
11630
524
14849
23142
9050
321
22449
29861
10991
22219
17535
20288
31827
29251
10599
18383
13578
6191
8623
4631
26906
16015
29989
6456
20333
6066
18344
295
3446
16206
25065
23647
26136
15824
30579
27092
20419
22001
3561
28457
13792
20618
27023
802
26991
15017
8972
23644
1262
18916
19055
30780
18301
23277
15215
11813
11073
15975
1783
750
15110
18424
5602
20627
27432
21408
26883
5674
31155
13641
6760
1049
6601
18079
991
6279
28228
1825
11962
24592
6045
632
28880
11965
22797
28936
23236
25907
6385
18118
23434
5674
16499
9289
15654
8225
15975
24099
24247
3920
12659
3697
20405
23519
32115
25777
12407
22613
20507
10196
31736
25683
22750
7828
7898
14210
14351
21000
32683
22730
26951
24182
23656
5573
11526
18024
8511
3699
13725
31746
7321
10543
6987
5266
13400
737
23462
23145
93
12150
26684
12522
28238
24205
2171
32480
21142
14451
4814
4885
2733
1874
16649
14112
5273
165
9223
25726
16309
17135
31377
20452
23217
23469
28546
16084
730
27017
809
23407
30875
11984
9199
31370
7492
10278
14906
2051
32267
31609
11153
3413
4177
21299
6400
1643
806
31156
23742
30898
18958
18687
2829
114
17669
17075
31330
18526
10690
25662
5830
8042
4665
2893
1148
8412
21603
32390
21988
8870
1857
28282
22687
24051
22815
725
15860
1536
6934
18392
8818
16685
9684
4106
14551
14420
31648
7722
7217
12377
19352
11111
3395
25090
14909
7636
7978
1033
4914
790
5953
15216
18497
9055
1089
26133
24991
16545
20653
29574
17265
22011
21613
16406
27790
27512
10680
9777
4743
20984
18744
14828
16101
23406
12649
25312
20913
25420
7491
18489
3386
15164
3608
17162
3858
20497
11455
19172
23130
6909
17906
4262
22335
13060
26101
15254
27589
4784
22392
31921
4548
26119
2495
27712
3631
29882
8704
26028
11676
31903
15373
21907
10753
4193
7730
11803
7612
20087
25697
30087
10199
1106
26252
8968
9609
4571
24147
15829
9472
8476
4063
29309
30045
1597
31246
4732
30721
23475
20944
12813
5895
11956
19665
22592
1297
20462
32600
30028
10824
7288
20847
4902
25246
21257
20292
29779
29015
18792
22735
5370
19911
5667
29877
16957
11613
644
19052
15305
28384
22721
1952
5036
19193
25203
13526
16488
28146
11081
15696
5445
24253
23550
11824
5355
22328
16776
28896
21039
29103
21651
1200
21294
20386
21805
31681
10904
7625
20163
16163
15183
6486
6220
24122
23089
31354
9412
28006
16945
26666
14300
14306
3757
22819
21232
18669
12284
1580
28217
4136
3654
20891
21060
9536
20120
18458
9634
28364
28215
7851
738
12409
10293
20970
10940
17508
22851
19090
9871
967
21958
11075
28430
8920
26157
11139
27445
1006
23937
9218
23427
17894
32317
12322
1379
4549
8545
2230
13035
27550
21442
31754
23240
2743
23972
10021
1145
31975
26762
21578
15548
6466
14157
8901
11846
1529
9324
23524
12983
21883
23203
6467
28621
32480
31679
8268
21720
13704
10672
5887
3182
25599
9696
30191
13919
20004
31427
23437
32235
7819
25520
9385
24627
25375
26351
28214
14062
15628
22035
25678
23389
18396
10377
630
30081
31711
25714
10530
19339
4049
2478
11388
9620
7607
13113
16481
6542
3850
25275
26028
21371
5143
10842
15544
11741
10918
10451
24864
11885
30682
3017
13001
15119
31064
3165
12323
6918
20907
6654
17835
6244
13288
10114
14005
21957
12941
20086
872
11325
30127
15539
28682
9615
7253
8242
4478
26272
19743
1314
778
7723
14891
23095
10590
19381
7224
3908
9938
29380
26892
524
25840
3660
18708
11606
22322
22634
4171
20031
23308
14932
15964
29652
22829
30865
18955
11488
3075
28517
15313
18435
3965
29584
23494
23044
7700
11064
30405
32360
7948
29475
32458
1604
27127
9257
2718
2383
25468
19689
30903
3387
22358
13244
14681
14150
13215
13543
1026
15372
2383
20757
31749
415
30208
4
2165
10201
23284
7038
25412
27377
1368
30347
9132
5197
11210
29925
18382
28055
25882
13996
410
27155
31821
11355
19182
31280
17896
9979
1282
15709
23147
14486
9987
1565
23067
30959
16382
25694
7684
624
20480
10759
31295
15204
15484
7632
30065
16230
25580
20566
6548
32025
5307
18287
16890
23578
27491
29626
2702
32563
23507
9339
17502
30418
27155
28070
4950
30649
22058
13370
6478
27126
16192
21712
21064
25622
512
6260
1522
26262
22080
27571
29299
27546
28644
3061
5219
7905
9983
7950
12315
20985
27452
26895
48
175
1661
5218
11578
31178
29377
16406
29402
32761
18251
18551
5627
30473
257
32226
4183
29019
10770
15831
5437
12694
9435
8784
21394
29849
7692
15185
6423
6068
27142
1729
15081
28439
20872
6776
26446
24714
4491
13465
17582
5727
4714
9762
480
24229
6726
19393
15272
2719
32425
2282
23421
25205
6505
31014
21391
296
1232
19374
23560
11467
25337
32056
5522
32497
13437
25617
13594
29026
592
17004
7380
8978
24293
21242
1664
26963
665
954
8939
329
1870
21267
21176
30110
1878
800
23648
3192
9108
5963
17272
20904
13533
20509
9523
4389
11428
6484
15911
21944
26839
7734
32084
16376
32516
30758
18530
18809
17088
11125
21802
18497
2889
26234
15480
18043
31850
14053
10767
624
22175
10576
19950
10930
4730
1815
29394
10906
19269
9834
24060
6901
15593
160
23604
11003
22799
718
8206
5505
14212
19609
21868
30319
26082
20808
3652
5235
23149
3870
27812
29431
3643
20710
11763
16465
664
11727
31609
29754
13736
15226
9250
12930
19022
9810
9086
17922
26445
9244
6669
18385
4525
29902
