10000
12422
845
15334
21505
2024
29113
29991
29680
14669
19772
10700
15795
27939
9624
20319
8775
7114
28605
11488
6963
11512
14235
5457
2819
9820
9268
11128
504
11649
501
4832
15102
24822
18246
12833
25822
19628
18272
27233
2997
32159
1886
26651
13989
30904
27031
28959
3530
6386
9004
21466
7280
6333
12253
23512
899
19104
14369
28551
12358
17697
7541
15166
27464
1513
8436
3453
21397
20516
22568
18551
6697
18983
25632
3277
4522
7765
7874
413
26198
9027
12899
23995
4666
20250
20373
5694
24996
31293
30016
22079
7132
13612
32501
9181
9231
13737
28030
22148
9868
7961
7610
17008
9779
10796
25000
15724
32297
28608
12225
24800
11217
23299
23691
11530
29944
1752
4715
29068
15952
2685
31674
7975
9760
31082
21276
26310
14137
6780
19981
18878
18476
6738
5565
32596
23226
15608
16926
21376
3980
21186
2875
25328
549
29819
9419
22608
8468
19135
30726
3785
22126
25766
12215
15815
5243
24995
19091
4608
6832
29355
10185
22450
1757
30361
16858
6699
1704
13777
2987
23695
15674
291
9177
20438
12600
14323
21068
10772
22261
31127
1039
765
2790
1537
14686
22952
4182
4510
6657
10131
26714
4221
9177
9448
5384
15540
10169
8702
7396
23552
2167
6691
25243
2219
28738
25497
9460
435
28725
8414
15107
17960
15917
22320
24736
32726
1240
20049
10007
292
31247
7560
24097
23100
12134
2536
2323
18796
20737
6612
13398
2764
18089
451
16151
19234
27422
20033
27967
16898
19887
28471
21926
14138
12809
2155
131
30573
16973
11082
18984
31741
10085
24038
24044
18990
31639
4923
23912
19849
19290
30902
2022
12671
6249
15608
30230
32335
4887
13271
15875
32042
32226
31653
4934
10132
28490
1973
14201
9741
26084
13340
20207
8689
25258
18101
28066
28317
32149
360
28781
19923
10350
10667
30332
21344
5089
10568
3840
11259
27347
11361
28455
19313
22517
24754
17483
17919
2457
14871
30314
22783
10181
24654
28374
26312
28806
10749
14125
27087
28295
18679
1164
8978
32226
3003
768
1974
4918
22590
30013
12782
30970
17386
31891
22816
30481
27878
7453
5443
6302
30872
21052
29068
1049
23400
18243
4681
6563
19911
2164
29197
19350
4720
16428
31245
25953
29166
21594
31178
13459
3935
30773
16880
18485
31351
1583
26238
14941
8904
13860
27688
14336
4160
984
25850
15112
1267
22944
16445
10918
27674
21343
20894
21994
14940
11700
21389
31889
9037
13682
26852
23070
18485
19281
25033
26412
17426
20451
18389
17666
14560
3017
30070
1896
16919
26662
15505
20665
28790
2900
24684
29754
13055
11734
26316
4778
20803
15246
1114
25882
23263
5424
10315
10751
12359
1527
27456
26758
2242
16791
25963
32295
6582
32370
12276
10877
17190
14
5531
3413
25977
9671
13982
19205
17533
20929
9181
19199
7083
15393
13628
17573
18349
1661
8009
3679
10525
9104
3103
25323
9360
26419
15242
4341
25555
21129
28267
18664
15476
28793
8542
32003
24452
22113
23195
1967
13980
7432
3866
3088
4638
26069
25339
17626
3261
16447
18724
13670
18496
901
17964
28933
26498
28831
23160
27796
27070
12404
22435
3664
19209
589
9507
28652
3616
11914
14378
1761
4964
4500
17099
9990
24867
21266
24158
4960
16665
7520
13605
4411
22327
26940
28464
12665
5539
12739
26237
17451
12799
9373
26212
10846
32750
8820
31282
31287
21716
9130
3861
10563
22750
21835
27960
12552
26947
576
19502
25056
28617
7366
1684
22535
21386
31775
12530
18162
26360
8839
6115
3810
30495
8042
26998
20666
24618
25044
3539
29709
19241
3881
29474
21372
30993
12822
20648
831
16132
21959
9523
26113
6099
24923
29881
1009
28354
18325
2364
22550
1931
24276
15088
2018
10149
30021
928
14603
25797
30039
24910
31126
15526
11887
19482
28213
23046
5598
17253
15058
10993
5136
13877
22892
11329
12805
19163
21282
3686
15109
18900
3981
5987
9872
12270
11859
26137
24213
11179
7929
31432
13796
2538
27385
10451
8932
21956
26133
21955
4745
12213
14570
10639
26497
8188
31176
5147
31150
26692
18369
19454
10713
6275
7168
10888
23973
27427
17757
2308
30657
11360
16942
826
8290
12529
27743
17208
29169
8170
11205
14930
24064
5089
8879
27496
24195
22351
2238
10855
18237
16442
10231
29970
19320
28433
12311
18691
3065
29912
21542
6892
16691
9348
26191
21283
21947
5033
26095
29534
1276
3666
13292
18875
21036
560
24904
21763
27519
9464
19446
15919
19866
23046
32236
2859
15178
6982
633
28379
23926
26964
9689
23132
8018
1762
21255
13196
6870
859
978
21708
10607
22725
30515
14852
27892
8428
8670
32488
25819
9661
3351
4730
25517
20720
6087
17360
30903
16106
19919
3096
8707
30945
18844
14809
23174
6721
21499
24956
22683
25934
13871
14090
4272
2827
29250
13623
20543
10843
21912
13728
1281
19047
6602
24145
1118
21567
1969
2186
26407
20420
20672
1219
19847
26565
4759
24557
7991
31080
14550
3579
7154
13004
12591
7585
20521
1260
9664
22875
16887
27847
12703
31154
27223
22462
17334
19643
20117
10045
9169
30432
19970
6045
19957
12514
30700
3657
6132
10015
32205
4896
21822
24081
5571
31003
27898
16408
24896
31280
5717
14457
11267
19062
12058
32678
5959
26249
24708
31936
1338
8496
1616
24666
22704
13373
3093
23680
23833
22709
13528
7671
27312
10801
219
27335
6902
22916
9655
2551
8543
29342
19626
22680
7243
14769
2866
12293
29239
25490
18907
360
3893
11617
3413
19072
5785
5996
21961
18338
23798
18257
2157
1790
15945
21859
5975
16676
9331
2383
23439
6855
20973
18944
21863
13248
17591
17599
18191
10069
17809
3999
23908
25020
30574
19224
23305
28379
31526
1778
31161
9810
31595
28260
30171
22715
13566
32638
30807
25136
20258
20932
21161
17934
6226
12316
16692
14329
31535
2538
10200
13857
16316
32633
31942
6339
27853
3485
21907
15090
23997
7318
19084
8343
24672
30264
9290
15799
28472
26441
1926
17140
23532
4139
4910
4951
32245
10426
9399
18252
14747
15224
14006
24814
29472
7144
3498
5509
16955
7223
10012
20557
31176
17953
7915
21114
22461
6931
32481
5240
29024
8077
11401
19575
12215
13771
26949
15911
28736
2980
6299
14272
7651
8114
16592
24646
22053
8627
31160
15115
28318
12847
15820
1141
28333
17756
20861
19457
20842
11582
13512
28552
9180
3858
21259
23490
21357
18413
25879
13832
16538
1185
14726
21342
27119
4320
22351
8368
17203
8612
11927
24668
3296
7885
19402
24817
16342
12300
16619
4406
24911
4353
14632
5487
21270
28832
27314
16859
29684
24537
23243
7809
9323
4984
10273
22573
935
32074
20314
17077
30898
129
7664
20608
23527
17753
18239
9033
21673
28668
20444
6689
16213
16035
17193
179
12148
21247
26406
17356
25142
10967
25226
20251
13596
3058
2323
30773
29940
26423
16922
6875
6410
30483
15722
19072
16029
7451
27218
15622
30864
17139
25849
21193
18274
17006
19954
24542
19808
6390
16400
6813
4889
27183
22652
21340
28691
5591
1284
22910
27580
25841
3254
12717
10915
4642
1710
355
15336
12635
13100
21423
23282
15032
27370
6966
31071
15528
6316
5496
9537
31055
28952
29524
8071
29480
23752
27342
14009
11503
18590
5649
14825
8382
20567
17328
6118
12918
30563
7217
32434
8544
25588
16588
3894
15636
20566
18288
31029
24986
9854
14343
4991
32464
31205
28411
17511
12043
21399
2297
20086
8449
1158
15349
21857
22759
29221
16750
12089
3286
4402
13811
21986
8307
723
4582
3270
975
2021
8064
3786
31116
16017
4629
22658
2114
24096
8857
25248
6944
25872
21860
24755
5591
28007
19762
22542
24499
6983
20334
8965
10763
22979
23984
13408
30172
23025
2180
12041
7345
2112
24429
9736
24774
27660
8745
6321
18540
9584
5943
32540
18607
32092
11159
31446
823
15335
16337
32726
7020
14566
17976
2483
26334
23229
5744
12564
31971
30581
6702
13671
27010
19471
14143
20182
1935
32280
6860
23670
17944
23422
18908
17090
23808
19618
6938
3657
13546
11438
32217
11939
1624
31785
12885
23977
29716
8649
22331
1766
9424
11656
28780
17224
8201
20985
19198
15643
29233
2013
25220
4152
23564
4082
11152
31354
4443
18187
26486
28786
19128
101
25938
27228
11969
23097
21580
32081
22136
16526
2842
5310
28906
4689
26823
24596
18959
7335
12979
18625
14578
24706
5084
1120
14609
22131
8539
5932
13063
9407
2098
23227
14440
31668
18500
23785
14061
3133
8357
11026
26321
19637
4372
23940
30842
32761
5318
30515
17756
12993
31334
28079
2075
9008
32089
27988
24559
18089
1094
11712
9037
25061
10454
27275
17860
26434
27832
21554
21797
3934
16361
3411
20966
24549
15410
2080
26312
5287
14834
22542
17336
7918
8733
19405
8179
12046
8581
25469
10094
31805
8536
30495
22389
16037
10474
8521
3730
4024
3253
16926
21424
9412
3743
11902
6272
6087
21371
24442
31516
12932
20945
13835
19179
28630
7650
9987
21700
10053
14055
25411
14934
5847
14746
20527
22727
16168
7159
25695
667
17853
22084
15511
4312
20886
7503
31994
3943
5634
4599
21114
2238
32696
2541
10387
13500
14370
21948
26425
3796
29436
10247
19727
5998
14878
530
14809
17546
11158
18821
32052
26023
24058
27500
32133
32483
24317
12417
19247
24419
63
9902
29705
30453
26218
17358
11023
12020
3706
9652
6231
19053
15708
4974
25927
4479
3515
9162
22790
19464
4119
11546
6448
20350
12567
25141
25294
9242
23072
16574
20357
1340
38
13481
31501
16651
5314
5370
7397
15195
3461
24016
27205
6101
30093
19363
21589
20305
15701
15306
30364
13447
15569
30272
18875
11239
7099
17575
28251
6853
5160
31373
9316
20921
17246
21231
17007
30278
31977
18171
16767
12217
21484
16922
12523
6996
20150
22318
9887
19372
30869
23320
32645
22352
17903
2174
1085
15019
32398
4299
17940
4396
8764
15991
18484
27044
31632
3208
18712
14831
21767
22361
16451
13782
1110
2714
25650
3380
16383
28824
19599
21848
29475
1726
1191
8619
919
31580
8734
3986
15930
14504
13281
18838
23941
8451
7517
17859
24163
24701
12783
17229
5955
30618
9371
19322
17772
25431
8192
14779
1169
1640
6795
3868
25766
14276
15084
5343
4594
6755
24774
4708
17252
8774
9643
6733
25386
27321
27207
13023
9600
16853
17371
23978
454
3400
24046
17004
16854
27737
9279
307
7060
15142
18685
28610
2247
23344
31546
17974
20775
25882
24990
32489
31414
10158
11608
28055
5204
6177
22874
20927
3726
6040
27078
26700
5816
12778
16291
16501
10299
14760
21717
22498
18479
25947
29772
16912
7981
21004
17019
24310
25950
3850
10764
25833
21720
5863
210
16829
5675
22980
30975
5933
23350
15566
12951
22140
7232
13065
292
16221
11076
21325
14764
17937
4491
3982
7392
9423
27520
29024
12694
7272
14017
32697
9081
10283
18034
12793
31231
10502
20950
5161
15260
19439
20768
128
20790
12162
7302
4652
15832
3308
408
13647
32426
26631
17104
30791
10017
2758
13674
562
3443
20436
29045
21169
6990
120
18475
12013
5833
18876
29822
24536
30619
3278
14835
9654
7306
3750
26035
1243
29991
19177
26080
20406
29625
28174
27429
4622
23415
15039
18577
16780
16122
24194
1445
22394
17137
31128
22187
14282
30999
24101
28490
2394
26466
19090
25432
25462
3965
9008
2543
29855
2681
28446
5827
1674
3264
7276
23986
876
26186
20352
29853
24693
21267
16825
10103
4506
12236
29523
29339
27288
26320
13451
30563
4406
10587
18947
7926
25802
18678
12391
24417
32510
17718
17233
22250
12756
24998
19306
12704
9960
22530
14291
3383
1014
31398
1731
20243
14491
23365
8561
8355
22880
18910
12084
1520
11252
16364
9192
17014
18617
3038
3477
50
30082
20678
25931
27900
7580
11861
26448
16919
2827
9479
13950
27143
17685
2715
20198
14498
14341
8902
3001
26986
2601
12328
17513
22554
16925
4479
17675
10111
8779
16155
9728
19081
23987
15506
18132
9122
2536
21172
28774
11838
29275
9665
25161
26292
12508
31706
20331
25676
12126
18358
3572
22937
30459
19350
32369
28425
28728
26747
28210
11194
30857
28054
30960
24719
28952
31744
11700
18820
10946
21163
31475
22846
21346
5785
9726
25319
18515
27467
20890
5688
29232
28541
22506
471
3550
29200
31638
4068
1741
29512
13350
12494
18042
17975
6575
10348
7481
26233
13234
12617
10289
22050
12097
27199
22696
6133
16483
16967
129
6615
12986
22159
2050
9091
28003
30413
12507
7550
28190
17364
2660
17486
32687
7268
31527
7143
12164
19527
926
14182
18071
12697
7742
10497
18838
19560
24756
11838
17474
27773
17006
27748
25621
29048
11357
20783
9767
20771
13817
27592
7250
22528
13190
20980
3476
22564
31126
25996
30134
14920
31184
3629
10283
9502
7407
15152
6715
12001
32270
16861
6241
19760
27426
27611
27377
30492
20168
18923
11773
11648
26433
7895
24698
23953
28346
30372
28319
20917
6353
15887
15246
9369
2390
28216
28214
27261
10318
8344
1400
1235
30526
7992
30600
21513
19366
17701
24727
15267
4811
17183
1199
11404
697
7313
10462
10670
23689
28870
1942
31424
9184
25689
25684
351
28600
16109
640
25697
14435
4383
916
1382
18124
30393
28801
29871
10497
18728
29263
22324
20462
22065
32259
29424
14955
28383
30661
21888
20858
25280
4418
18668
22985
15185
26448
2757
7807
19382
8912
31088
14645
26798
8409
11201
6977
23751
26131
9932
15419
27854
24928
9719
4538
138
16834
10580
13407
17322
25465
15918
22037
21243
6251
13794
28054
18910
20425
16112
15154
17402
24816
5202
2764
10030
32141
14093
22309
18889
3845
26117
12893
18686
788
18453
6070
9106
19380
31839
2716
27864
5696
1249
9954
11231
32217
16202
1615
15082
15625
24587
8025
15136
8870
9136
304
28805
19961
10865
4350
6697
30240
12804
11373
6816
16561
8630
21867
1201
27552
7354
19242
24658
20067
3777
13418
15317
30291
26315
16122
23900
25174
29756
22652
10386
8635
6706
25706
3229
23141
19734
4950
3662
31276
3697
16246
17051
6016
23297
29279
19792
17743
16141
30737
14337
24105
1269
9012
13635
2723
12813
9889
9244
1785
17835
10276
26551
27639
28287
28800
26460
32537
10787
23732
19104
19953
755
29821
17881
6345
24607
18972
2773
20618
7167
1881
12748
11228
21670
19400
11922
6031
10937
16459
9745
1594
25218
984
14327
25377
6976
21885
4268
11356
4289
8097
22407
30774
6963
18572
19777
27092
24888
27690
11946
22807
28728
25355
12186
12738
12027
15023
8747
19936
24183
769
7717
20320
7398
5409
15546
15619
7964
14182
15476
26232
5144
17060
8555
21445
26329
11434
9659
17384
21107
7183
3637
32446
31841
26927
14165
32293
2333
12400
28276
12893
24302
22986
27455
26037
2817
14726
32104
867
31932
11845
17052
17843
2895
24645
30900
3940
31116
1504
16431
29774
27640
20821
25312
13641
1314
27595
29412
13131
7219
8595
21975
7632
16839
9134
4167
24703
1787
655
25961
5130
15047
17953
7947
30294
4495
18188
4554
11740
27380
11573
12677
23631
10736
14211
18962
17534
21282
12521
12335
1917
25958
13985
32443
15615
8361
13237
13350
27399
12028
13764
17446
8384
25574
32515
29099
14504
1535
31106
1302
1524
22202
28593
12965
28977
19587
11810
17714
18471
13066
29328
24862
17666
9694
19489
29576
4276
6461
20712
8642
17557
25899
19630
19717
12108
1729
19698
32355
24819
3016
11822
20222
17014
23686
3676
8312
15420
22488
18617
14762
12298
30081
24265
7065
18980
25282
29339
8869
28085
19755
13902
18436
16496
20400
29908
5999
6520
13823
6134
11547
22397
2577
20376
20459
25128
8191
15935
31716
23226
5144
20176
28897
16368
28464
6043
6536
2345
25914
28311
24188
31946
25114
4847
14804
17890
22708
4030
7885
3338
2121
15383
2491
6288
11267
31817
19526
14292
18638
10337
27090
32241
3434
15344
6207
4000
30910
13070
14547
2138
14960
14494
23924
15037
434
2516
11803
20529
11871
13045
17029
3019
6214
2398
17452
13426
24774
1736
27765
27200
667
27082
13099
27434
5111
16287
16684
2788
28372
15146
31586
25087
13193
32055
14837
30805
22940
12804
32703
28326
17112
10240
17921
27523
1183
17362
12372
20331
23425
30109
15586
29749
32013
4995
17621
31661
15334
15720
24848
29058
12826
11768
1821
17504
26032
7403
29287
23129
7040
5767
11690
17545
19528
27751
20647
22010
28667
9084
17948
8645
4956
849
11763
9338
27596
10899
12218
7362
23904
19664
20819
22339
10039
32127
9709
29124
10763
11329
26931
22930
32005
13926
23234
2338
17622
12723
28129
18679
259
21602
8556
30662
17280
7787
5138
7641
1665
10242
10433
20401
5261
14689
20317
9199
14036
4039
17848
16501
7618
29633
25791
17096
14292
1192
19953
1976
27307
23915
3350
5700
25183
30350
557
12728
27413
26995
10150
22296
2260
30937
2257
10689
16788
674
31895
4942
19864
16089
30824
6841
8702
28659
3956
14018
2453
26709
29214
8085
16366
2327
429
25511
17078
7688
19525
17377
19778
15090
1303
6912
12908
32287
19668
21564
2206
23579
24167
13607
23596
22716
29667
32473
23527
20832
30650
10826
13295
15478
22065
17407
2760
576
784
10985
21680
21206
1950
13962
28976
7535
11468
2137
18162
3292
5553
3176
20946
11605
24118
27972
22327
8056
4627
32540
13476
31887
4090
26150
31882
20498
11537
31807
21857
19053
11430
14802
20214
4354
24607
9722
8711
20338
815
4587
3597
28184
10320
9102
18777
4567
18797
29547
14178
18710
20702
16844
22878
2568
11930
1823
11535
26161
19880
25501
28128
5926
32215
12841
27696
18580
9647
17019
28398
17283
20647
32381
21350
24284
28057
32501
24410
22825
20850
21349
31061
32669
21038
303
15164
18004
3588
32253
4902
13787
13021
10592
26221
20979
23051
2488
27398
23954
19512
20563
11021
8235
16796
26841
26276
4143
29300
6119
18430
1748
2991
27898
7607
24853
23530
2959
3943
12794
19614
3976
118
27161
31640
4306
5426
6237
2218
2629
3614
10246
27553
10187
28045
16369
26230
16325
7024
10010
26569
31658
31597
21087
29066
29681
10545
32647
22522
17202
20230
386
27858
21640
19112
8690
27329
28985
5204
15339
13596
20889
7203
29687
16338
13611
4502
12638
13214
17930
18802
15524
8832
19335
13774
10066
24685
28692
9322
24826
21574
7777
14146
7541
21767
14788
19299
28783
26433
13790
16894
16934
28362
20860
24507
366
10418
30907
13903
14073
378
4720
19537
24021
7041
15558
30537
9526
6591
15657
7179
32630
693
10083
18755
8794
20388
5
24656
23703
31742
24073
16470
25748
10522
20405
10126
1138
10795
1731
16097
18250
3187
4030
950
2997
28596
6319
1032
8082
17128
2809
8379
18691
14641
31874
18992
24761
2835
15379
27415
24946
22497
32002
30084
4287
15221
26126
17989
9483
27684
1930
21108
3289
29938
31934
21320
15181
24577
15498
25648
7662
25936
23884
18211
8106
29090
20484
17201
23835
6587
22198
20831
28168
19922
14864
2993
26671
24900
589
4744
32577
14982
14169
23598
26159
16221
27702
8880
21924
20817
6558
25580
23506
28255
3050
10218
22898
18926
26674
368
20486
29188
3254
31952
25954
21690
20604
28933
16490
14829
26171
26366
8989
1335
26232
2874
26067
21533
17647
23957
14274
19594
13620
4962
18631
12157
17050
24505
16484
1022
8020
5650
9733
28246
28378
23315
7815
1919
3983
22439
8954
18650
10144
8784
5286
24608
31023
21182
21069
32667
16817
29600
12976
32406
10388
18106
2132
24082
293
3896
4742
1466
25522
22082
32669
19737
25067
24016
25727
9483
23182
13760
19815
30065
12356
10022
19429
809
26566
27107
9766
29246
28995
22649
2933
14427
8454
5661
29186
4998
6996
23310
482
22794
14227
23334
12632
12469
7858
31406
30291
4164
10436
17783
12599
2844
15854
23590
13536
19003
16004
19408
4069
16493
13935
967
31513
28355
24530
23987
4440
19777
14573
27620
13440
11223
12609
486
17341
8083
12788
11094
1802
20500
1400
1269
29684
14658
25192
11259
12193
13628
7602
14254
29202
25234
18427
28978
11941
15029
14911
15779
9694
27819
21944
28257
17510
20487
31490
27563
29524
1049
31868
28016
15788
3938
4081
13921
28453
4938
888
1355
4144
26646
14744
12452
25397
13588
12464
8292
18208
22808
6550
6678
8988
14124
16767
4910
16286
15236
21279
32157
12454
11440
13073
17059
13634
7445
31608
24548
12371
4254
23271
23231
7827
10927
23166
32219
11735
30811
20310
5378
22930
10966
31520
6963
12443
22061
8200
3826
10288
2100
3040
24803
8250
19392
24186
12439
31954
27671
3925
19366
30981
3237
30332
8958
5844
26865
23724
10874
20607
20687
22197
22199
28420
13526
28706
11555
10722
22292
26908
6742
29730
29697
2956
678
6808
30642
23424
16629
5991
4943
9936
1998
16067
18119
14337
22705
10491
12994
12393
1450
32182
18136
19860
28968
1148
8192
7655
13
7801
11083
26755
29186
3454
24786
19565
5133
11337
10988
23275
357
31750
19877
12593
26245
11030
25196
21820
31359
30990
15372
23039
8851
7171
18142
3773
29696
2821
14652
15798
2074
20969
10296
15877
22173
21068
21646
23753
2625
5588
17368
24963
910
5561
31233
12735
32242
7044
26364
22519
2833
7959
23734
29108
22620
17902
8521
18678
29413
26532
29042
7382
32113
15289
1861
23914
3279
5266
31007
24297
7785
19393
1245
18447
23833
17287
6987
16323
10302
8599
16351
7672
4366
10013
4264
9169
16942
18943
2689
32520
1408
29539
23946
7312
23612
1905
26073
3705
23874
6746
7276
2325
19886
30361
5218
15193
10157
22649
22635
1669
912
727
15486
22792
5919
4393
30666
12445
16176
10943
6894
1979
18296
31561
13932
12844
25760
5274
17755
27899
5275
7595
12381
9620
22840
29411
31953
15399
243
7061
31818
17741
29201
14539
4159
3822
11244
20802
22020
27746
29323
7861
20216
3542
22645
16478
22785
26354
6855
30395
2869
26809
901
19598
19162
4784
17966
20775
11409
8002
2707
18405
30158
20323
6632
28923
21131
6516
25116
20336
4926
16230
17254
4202
1800
4131
23585
30635
17967
22569
18137
30044
206
17784
32422
18697
9675
17071
23992
21998
30218
3442
27188
3185
22496
3086
25919
3311
32459
9824
20567
26555
15200
9715
23786
7780
1924
24936
31265
18999
8927
14107
29949
3077
21390
6915
24230
10535
7960
15322
11520
31166
4004
894
18814
3135
22889
30360
571
8752
29797
14203
4423
27180
32338
12367
11838
6957
30934
10350
24096
21771
14330
18702
30044
27199
5341
21793
46
30445
14506
6265
1323
26914
5063
21040
22043
24154
21839
7751
25350
31301
30403
8845
17298
6858
12284
706
27276
3405
26468
24573
14276
10541
29286
26443
23582
29585
14883
13209
17382
12389
6247
1748
31588
1183
219
7758
16816
3527
19068
9828
15816
4790
11595
4446
2528
12702
18502
21910
2297
12106
17304
22237
15029
19367
25357
32538
362
16260
7368
18996
3701
18326
2104
18738
26833
24767
14664
24737
16872
6543
23510
17974
3240
7436
9063
437
2778
23214
25369
29969
17583
28590
25049
12245
7836
13697
16085
4546
360
6559
31284
186
18564
8840
30213
13789
27290
17929
886
26097
4200
29883
20551
18695
3535
32462
18558
17755
28967
13828
16475
16765
7382
28928
31374
25006
7969
21441
24232
13453
15426
362
29648
4851
24250
6980
29623
14107
25064
12549
2510
20230
27355
1619
4790
3613
17253
20868
28663
537
27504
22440
17398
12064
21653
2505
10785
14128
31723
1905
16237
4289
22045
10861
3842
4262
16832
32721
14132
19253
29667
21052
23222
4263
4839
10589
12810
2242
29585
25270
20796
12725
11357
18336
30160
17987
29461
17552
28921
20259
30883
9624
524
25511
14116
31793
13619
23965
26173
4663
6758
1139
2482
3637
26775
29598
20020
11491
24877
16443
10363
13293
1972
8695
27285
502
467
9005
17278
24541
13182
7247
23792
30527
27500
32391
2940
4669
13260
12702
17626
2175
6964
2332
20606
32120
2522
5297
26219
21484
30470
20435
12364
31408
4807
29865
24769
30386
14310
30248
21751
20025
14872
25980
29819
14701
25719
18089
17232
15385
15411
6258
23103
3248
23429
4986
14702
27790
30949
25769
10548
21889
28285
26321
7468
8328
21981
8081
19848
2522
3056
890
31400
13866
12591
17777
3820
7466
31252
13652
4806
32078
25554
29153
10003
15570
8515
29139
31147
23550
21538
10317
26678
23721
26234
18556
17730
17148
6238
27769
29587
4984
5595
9068
19386
29242
10539
10999
32746
18302
23851
22482
29190
3427
9232
29106
12286
10990
22101
1648
2652
80
7671
30823
31002
2156
8677
19486
17079
13204
1458
31015
6538
24467
4494
16966
9045
4337
5748
22742
7965
20850
25253
20329
7481
22496
23124
8111
32170
23818
2211
18329
10410
16909
15566
16829
13703
27602
1958
23805
29618
30680
11586
14179
2579
11828
24305
24656
8352
21718
20850
26070
18478
18445
872
20834
5255
31822
18440
22430
7356
19761
27157
16277
21949
15804
31502
17689
31526
3556
8870
31329
31324
18769
628
27895
5081
13154
492
4562
9924
13425
5774
15550
23237
11352
23645
9989
7191
20019
4755
18760
7647
26984
20627
3246
22204
17381
1823
5953
11167
27049
8651
14228
15581
5510
23729
13225
2434
5925
8807
32531
23785
23114
1582
7256
14985
29529
11884
11673
15378
21786
17245
30837
5561
5049
13829
24874
13519
22801
29545
8445
11417
28201
22526
15325
25948
32255
30562
31043
16823
30085
3146
25692
11829
9450
9404
5994
20259
1562
24190
22120
16543
19592
18382
15596
7410
8747
14419
850
15648
13766
13908
7959
26557
32365
15400
17027
25089
22597
29165
32651
5919
24203
12157
4597
18899
9944
23198
5309
1082
16803
30073
9912
14823
9223
29006
17015
20531
24262
6501
19822
212
18063
10824
8789
19122
29052
26927
6863
25846
11743
20412
23626
26723
22078
8168
27686
8937
9884
29758
20249
18807
30458
8263
14290
31762
32542
30021
2268
20516
1939
16163
11718
21782
11249
3501
3969
18208
4703
7677
10249
25696
15445
30773
31047
6186
21671
5492
27447
28832
7871
8706
21830
4738
27433
12238
14078
8007
13654
27931
25572
16748
20121
13174
9889
21260
14966
747
8033
21169
8220
15736
24953
6762
30000
14018
5196
3357
17868
27655
7023
11807
15816
30804
2571
22274
22328
6392
25987
32686
21045
22072
31575
19635
23009
9284
20041
22494
31397
4202
24254
26379
19901
20106
21094
1337
32247
15050
16159
12772
2487
9098
7447
6799
26175
28571
9265
4768
26669
29867
6315
15728
5445
4612
19197
7843
17265
25463
20228
1205
10502
8338
11871
470
16969
31770
6682
26360
12338
6069
24457
29990
29808
24550
9335
14615
11948
25662
11905
17667
16146
32721
14780
15541
29198
26088
8862
26594
6483
26357
26395
16057
13858
460
17166
9403
6345
5391
27611
17869
6506
17642
12114
18827
19965
26881
31191
20704
24984
5799
1984
29139
28910
6993
17919
9636
4119
31562
9729
23832
23951
18600
26838
12049
18048
26238
9617
21857
24644
3155
3826
27616
31525
7635
15426
9661
21096
10949
31103
27921
32139
11069
25273
8378
1738
19475
20156
25702
19176
24467
19695
14062
1579
18038
14972
17126
12969
25874
12977
7538
7106
30925
24231
26458
19182
25047
26657
1121
12729
13593
5046
23763
13579
10856
17971
23902
32173
15103
31035
10530
12809
1068
25392
12811
32049
16969
22103
11103
1827
30702
6966
2707
16972
5477
19009
2659
12874
13406
26806
25634
4086
15332
19654
13134
28322
144
3317
14183
18079
13565
32451
26625
2307
15995
2188
3865
8360
16904
19117
23973
1144
32124
25576
11886
16104
16643
21770
27426
3779
7376
18378
18341
1321
5904
15605
18345
17623
32285
26056
17022
18089
10997
11421
22827
18268
18410
12491
4797
17049
28571
14791
4831
7983
14370
25999
7851
28833
32399
5704
25536
29152
1686
25381
13717
7513
17028
4236
13581
1586
22391
21364
5707
22225
12751
25618
30919
6303
15840
9140
1441
10507
6377
23021
18486
32721
20042
19698
29938
10876
29937
14660
4709
8489
16662
27791
14488
22671
24104
2002
23201
13628
9479
11457
20085
17441
627
6760
1790
23633
8645
32016
13421
3590
12252
30054
16082
741
19035
6874
20201
13187
28434
32070
22839
5671
32697
27088
24406
10962
11748
30481
23438
2172
25395
7287
2725
20385
31177
22759
2039
9724
22784
11431
28617
8083
19035
27260
31706
14579
6845
9231
20027
18109
23512
13717
24161
32353
23015
13487
15481
31786
6560
18063
7931
27259
29284
8541
28290
11864
6330
15577
17371
15655
11515
30273
3163
32696
8783
11125
18550
26244
4567
4441
6286
4914
20012
18811
3081
15200
19209
31478
26278
10399
11588
29334
20497
31167
5891
3644
8629
2382
1068
30596
18129
7515
19229
29094
25294
17535
5534
16026
12752
1055
26131
24448
22411
15339
31991
13374
4184
25258
12933
15979
30855
58
6328
2924
24055
2258
31094
2524
20453
32139
1288
20018
24834
30239
17614
2717
20424
30704
9777
15923
2317
15948
12760
24395
14553
22511
17183
1319
23925
15817
21445
21719
4292
18178
12260
13657
31702
7740
9767
3845
10427
7192
2103
6697
9877
11003
3958
240
13297
6162
31216
22664
25432
30099
29583
13699
28192
29254
8078
24446
10632
19013
22063
26625
20997
13568
27313
10407
8406
29827
3452
27775
24542
27132
7840
18609
28595
21367
1149
26725
29683
5869
23235
20448
6615
15997
3486
23280
11530
2553
13610
31371
28347
14756
17709
30131
25329
30266
25861
12700
2078
31281
991
17681
11512
24639
32042
23316
22660
15132
24908
10437
30835
23177
13971
31365
18866
24977
18030
7258
12093
4623
19165
8597
27444
29040
4134
20403
28208
10938
24266
12418
12503
20941
16823
3973
19374
27626
31935
26264
16687
24945
18249
32215
11804
15599
8006
17085
21522
23383
18535
6793
12897
29072
19341
13286
8475
2864
2690
7114
8811
26248
15334
6559
24104
20960
25452
5793
31658
28163
6726
5255
19933
31231
15325
30565
1427
3110
19142
9937
24095
23640
8689
19013
30751
901
17956
9412
22169
21613
27560
21440
12874
12714
1091
30012
5946
1265
26982
31022
148
15253
30374
8743
26293
27724
10352
31029
29571
2614
4857
14601
20736
18715
17781
29781
17951
5877
28041
31608
5590
20142
20226
17757
21620
2090
25543
24480
10037
10632
14348
10739
8723
7589
22217
24769
14304
21474
23147
15121
28818
27944
30153
8108
23006
14889
2393
13698
26120
28392
6308
21322
11513
12155
13303
4713
17298
23055
10844
2325
7488
12846
6088
28602
11216
20797
9110
13724
12677
73
820
18623
31080
24323
5405
5380
27104
31752
10247
32404
9602
16998
16989
23425
11818
24668
32239
12459
15947
2914
19433
13793
19587
17769
13569
25929
28019
1892
27125
6658
1997
29959
14389
519
3758
32207
14044
26455
13871
3906
16357
5203
22071
15480
2460
22375
28563
32474
29778
27116
1864
29738
24661
15949
19495
15812
8224
31081
15011
25891
23246
6969
13024
27046
29397
6835
13580
23444
17648
30958
14322
10335
21341
3974
19916
31781
12617
7746
2905
23676
17033
23540
25904
24687
9098
3745
30548
10692
19851
28386
27400
897
19209
23178
28389
18862
4219
6793
29993
32347
19776
16401
11346
12261
18646
23799
26092
5238
8268
7003
24487
32459
30714
30859
8876
4154
30063
10021
27953
19443
5547
23676
23115
28550
13199
3389
15364
13477
21137
23891
23470
24619
436
18183
5239
16990
27320
15724
31805
3185
24973
19962
3747
8014
2062
1401
3684
14226
23020
7201
4327
6872
13544
11519
26644
10810
12614
31898
24167
32277
24190
4823
31042
28429
14388
11290
13704
12369
26474
17838
29287
24352
9205
18791
32373
11149
18989
7301
31487
32383
30953
5596
2461
16635
19371
7986
30730
10406
1303
1513
24115
11653
15786
16094
25230
3336
27304
8592
6317
32327
20822
24197
11795
31627
14954
13545
22854
17680
31168
11129
16166
265
7758
20639
17020
7397
24154
17886
29142
21457
5098
6769
1939
32382
23933
14639
12346
4132
14072
28082
2832
25799
7907
17592
6377
17593
7125
19401
3390
16736
13869
29723
13696
20281
14851
7346
27308
16669
21855
1995
16672
2243
26280
16251
27309
24711
3935
11668
32493
17001
24333
27336
7638
20569
10873
2321
8336
4530
25375
23888
19588
10756
734
3124
15542
27926
24561
24157
30036
29739
32032
8129
21903
6277
10807
3663
23465
30504
2232
7123
28495
25056
18637
1818
9770
24965
12928
4182
14001
11646
20270
19651
3393
15492
18233
23947
14191
21160
18430
3560
6557
12440
1543
7304
8907
18462
12161
13365
29360
6633
25328
22453
9737
8336
32289
17647
15666
27860
22880
4944
20723
22310
17132
4461
2460
27241
20136
9706
3156
27640
19987
14234
21166
9451
1146
24807
8317
20630
27501
29301
3050
21587
7023
2306
19395
9346
11505
14993
16406
31437
9602
7879
26879
16817
17728
13973
16318
22841
18578
30487
9740
6413
29209
31676
24496
13228
28899
9128
19021
24310
30434
7766
18302
26093
5021
11138
3364
1980
10022
4678
20479
18425
332
4995
31868
5159
273
23426
29134
25215
18527
14043
29504
11760
22518
3734
17354
29540
10153
28561
8162
5189
3786
8481
2452
16959
4323
3836
6869
22600
25254
2647
21013
17630
15143
9803
3347
27024
17737
13181
9717
5056
17782
7934
26264
29351
18324
14448
17957
11930
26932
9067
9445
1419
5132
30751
31318
4306
15527
22330
10622
6190
31067
29964
28543
5638
1404
24552
8300
20725
1231
1486
9819
11910
6977
15688
30395
9020
11481
21906
29160
25558
23020
29181
24829
15312
2960
13461
1514
11565
9298
31746
29126
15732
10540
14508
5478
5113
30385
7459
16430
19805
22155
11709
295
10328
2343
29569
7762
28598
6063
22083
5692
17824
569
25105
24531
13341
7742
31694
23672
9945
14669
18717
12373
12836
21504
20353
29937
19261
2352
3778
31233
21969
30053
6802
2178
10943
12944
30576
23556
31774
15357
16077
17993
14977
20099
20077
12558
24441
6398
1809
29225
16732
20735
24147
9684
21573
32705
18385
841
31836
7007
14733
24463
21848
16453
20372
21139
4930
7908
21214
12922
24699
29099
10102
22838
23808
3890
26074
26711
8941
27832
9125
32548
29760
9423
12139
5867
30176
22102
17381
31125
7134
28584
30286
1661
11002
14867
25612
14723
29545
14732
25491
10332
10453
13472
15495
27180
31654
30894
11040
7510
22400
11860
13011
32658
27404
21031
1071
19521
23804
9639
31237
21758
21065
11378
29131
2166
10687
2487
834
23417
4284
20974
23383
18513
21813
9414
15943
22610
6393
9055
29959
27570
19002
5818
10723
13211
1353
23150
30821
4735
17313
24476
13432
22188
31783
23588
11469
800
6320
31257
27774
6814
25796
7027
16370
8449
22946
1540
256
18129
27523
2990
28247
29460
15395
722
4637
8038
22142
8971
31702
14924
22487
6685
20872
966
10751
27944
31772
6179
13012
31266
29448
7449
7432
11651
27435
17685
7716
16450
27896
7376
24012
4609
5591
22307
25156
29573
2248
2844
9779
30056
21066
6225
15271
3858
17275
9588
8282
12773
2176
27944
10036
7352
32295
19731
6928
903
2763
19253
32451
24424
32377
1400
3674
31425
15952
16264
26020
3513
16174
740
28657
32492
5001
1334
1304
7267
4250
18656
22463
24771
20161
11223
6358
6340
2341
22708
29797
31973
8347
19976
19336
4959
17865
28656
20407
28247
3723
22506
25419
6743
31381
22247
25406
20735
11098
23970
15923
17400
21293
16175
31926
5162
8102
471
7876
18735
9032
12835
29326
23815
608
27703
18554
12301
26416
3937
10347
31017
333
20466
27714
1608
5190
6989
25509
24841
22918
573
25855
11193
14716
7564
28615
19074
8185
8401
17414
11487
28633
3977
4883
19283
23013
18537
11681
11611
6904
23283
21244
2977
25953
23368
1424
25202
31113
10301
2219
2162
12758
22448
27524
7567
1486
15645
17787
26163
18560
15980
1954
26302
9759
27405
1917
21299
9457
2375
9990
10033
11623
3533
15860
31270
23950
12691
10301
25535
11174
6623
7642
1187
7183
18083
14282
1888
3693
15114
18009
11685
26116
5201
23714
15795
4452
728
13651
25614
13643
22905
21680
23928
32455
10008
3035
32031
24731
3707
16722
25366
16356
20572
8889
30466
21500
15293
9178
31510
15775
30844
28394
19265
6476
24615
10765
7333
4334
22801
13853
20812
12476
26534
19111
13334
862
27131
4919
12534
14673
12714
12758
23902
24460
28636
19152
25848
26980
10151
32187
11927
4525
6811
28596
19821
22306
25495
19180
4734
6151
13281
22372
21076
4364
26230
4340
13045
17269
23967
24210
5650
1656
24261
20177
29569
18406
24710
32168
14318
16398
32521
1909
31693
7391
2702
11585
9874
26700
25673
3654
21029
11765
7536
6830
656
9219
3219
9118
1531
23379
19756
11379
4315
15064
23927
24908
27238
19002
20099
22216
15690
4035
14985
30481
24734
1404
30078
16409
11545
27027
11236
14115
12930
28160
25573
13702
24935
2920
5282
29357
32018
31554
18377
28515
27065
7480
31077
9805
10997
19408
10747
9656
9845
25675
22226
30358
32500
1486
19602
29890
7016
19391
2065
31884
11901
1906
6505
4465
21057
15621
15694
25130
3105
26504
8350
19945
19732
18529
570
20191
16918
17903
10005
28161
2264
7534
21642
9228
7350
27675
17651
19398
4073
21400
19063
2439
25854
15761
5155
19449
7302
672
18748
18972
19216
30830
28372
8845
19284
11036
19356
7
24753
17889
15865
26410
24026
28404
14426
4475
9164
6828
22472
31149
3331
6629
18623
32031
6381
26535
28220
13989
27551
31234
32535
30347
30151
6716
3475
31703
22753
2095
11572
21199
23470
27884
10960
31931
738
24740
2793
17644
8733
1993
16954
26365
31005
2928
23696
27225
12594
28922
1499
22269
20210
5363
10629
10112
27693
19770
7170
7248
20004
30306
681
21566
11253
28761
28098
20029
14682
20039
22752
14438
18835
15801
1393
12352
7841
26879
25491
22591
14517
22738
32041
26250
14824
6459
5934
4353
12844
9648
32074
31359
26499
24703
11171
1372
28271
6512
19190
12087
9897
26533
13030
23026
28693
23238
26260
9725
11254
18267
16239
16856
24159
12921
14926
21203
1002
8353
6844
23321
28587
19429
22674
16620
17767
1356
3020
23346
25602
17784
19093
10033
21559
12422
11684
2967
3980
4406
28363
19645
13188
3916
21965
5676
29974
9526
26481
15713
26718
6382
2772
8653
28819
31778
6403
20000
27705
30611
2761
16071
29079
26043
14534
29107
12140
178
25025
9053
17886
10066
27456
23815
11187
32154
4181
14404
29635
27728
29370
31674
1709
17386
16928
29991
9418
1711
28101
13474
17503
7706
5189
3364
8215
32639
9650
32326
2480
1008
27622
27468
21748
30562
27928
17251
28395
8972
23726
32551
30031
22288
3666
5992
25152
14173
8008
22830
8249
20436
18943
15098
6723
13226
6118
5967
7272
11277
25984
28785
6251
14858
27835
8557
8886
28590
18814
8281
15252
25707
11393
13789
14496
18622
12385
19955
25214
23823
1268
17898
6856
20441
25818
23473
7755
18186
2388
8786
14196
6317
4185
8125
29957
30406
2279
30663
14604
4733
6552
18546
13334
31359
30069
7023
8352
14498
4878
4321
21198
29384
22987
10084
28768
4869
14717
17742
25825
15108
24632
26421
26145
1702
613
6065
7398
25069
26899
5218
17887
30233
14990
17461
24281
29200
12595
25316
13365
12803
13442
1468
25242
2639
2165
23971
8423
14753
1808
23129
26220
18014
6202
4862
16729
19266
23499
6101
29046
30535
14822
4423
6933
17608
19849
20523
9798
11238
23906
13124
7753
21547
22245
1547
9545
2413
32667
15535
20551
30709
20669
12635
32596
29665
12545
18103
1539
20423
180
5041
14366
1691
11273
31869
11928
15571
14257
23770
22723
23752
31659
10136
11715
21088
94
8023
4675
10730
12773
3217
18022
5705
23978
5339
28672
8789
11830
5991
5383
4478
6471
13006
6724
13235
29731
22540
6734
12418
8749
3788
10425
3456
4534
20199
21899
29675
31509
4903
1263
31118
5626
2384
28462
28901
14591
865
23770
1154
6016
3607
29517
8623
4525
20659
9554
30293
19165
6653
7201
1564
31270
16009
11409
6868
10538
11321
11401
5140
21811
22275
15543
23072
9859
25332
23173
30736
12773
12149
20041
8495
30856
10190
18876
9634
6669
31976
19118
6730
27871
11351
5624
14315
28867
30871
24241
13709
20400
13974
28069
8738
24800
5235
23810
362
25127
15750
15445
12308
23428
32672
12469
21286
24822
21908
25918
22174
9872
31478
24514
16217
6864
27938
3514
21557
31533
32128
7555
25203
5871
22791
30663
8543
13379
10496
27961
31026
19343
12557
27781
12599
3331
3689
21638
18733
25713
31857
14010
493
28510
16996
7668
22860
6489
11879
11601
32067
21131
16844
11117
31309
5264
29331
19927
10513
10629
9777
22722
8001
26978
18833
26365
10178
24970
10841
28197
1549
6817
30062
21273
2261
28830
32442
8878
12266
12577
13869
17060
26973
29702
28161
11993
10725
25146
22083
5821
25729
24269
20879
28422
9567
17993
1819
19365
21501
14403
22006
5624
24718
7983
3474
29505
24735
27257
3969
28503
24314
11985
15996
16283
25290
8390
24233
12846
29185
7574
19230
7521
4855
13892
9377
25453
4435
28908
23985
24165
2607
13396
18379
18536
887
4547
1510
29723
4754
24854
2112
26966
22085
25360
30044
14878
18388
24050
9291
9172
10090
26699
3116
20651
1978
22034
19695
19808
15591
31730
13662
1829
12961
15589
27229
26078
28050
5636
4976
22159
15352
7326
12415
23061
22931
8839
31958
27669
2753
29874
880
22067
29416
26626
18549
17284
10772
10334
11265
10309
21985
32260
27175
20941
18844
32031
23606
12992
29093
21403
24378
16262
3607
10552
966
28411
171
17885
27377
13160
12762
29232
29855
32691
20802
18019
8962
11474
30027
23376
22368
21381
24074
4553
19478
28229
24422
25641
28637
22391
13945
30255
1612
30694
20025
22285
12702
14704
14167
10683
18870
4608
22375
10129
9312
15036
4930
12565
13018
26495
30888
24850
6291
4745
11050
21994
7986
12405
6215
9516
11226
24684
14038
11625
6572
27801
21924
14916
7566
11996
15709
11977
5931
11715
10672
10752
29499
1462
23982
22977
773
29297
22387
28617
27938
3256
26377
27918
7043
4165
11401
14160
19126
15878
16771
11505
7780
11909
4512
11014
24351
10408
9862
14766
17754
20634
27388
21155
30137
17161
10575
30222
4748
28818
18676
416
1686
19833
3950
32222
27922
10654
26739
21948
15096
17580
31050
11374
3452
29332
887
17787
16855
25658
23194
13075
14923
26733
29077
16034
29793
14621
17133
16293
21622
10440
6259
21693
19061
17462
30243
13057
13286
15462
11340
32665
7976
11464
21745
26505
21498
4525
16495
27082
17729
763
5473
1951
20485
1829
10177
20262
27580
4698
19280
29741
12235
1533
9527
27464
21066
17494
16622
15136
1031
11399
27741
30734
19918
4801
8001
7657
21224
2231
29138
15388
7394
2643
26275
10235
21648
25256
3017
10583
3152
23849
14143
21839
32659
5912
25225
2922
27546
1345
27032
18659
25982
487
12526
17988
20851
30463
30466
4918
24397
30876
21734
9368
12356
25515
12839
2254
2548
21728
12277
13916
15016
3056
20355
10419
4823
3841
22449
16202
6127
8798
15849
4849
21586
26736
5702
13667
26782
15850
20220
3866
16946
9795
15092
20327
6894
23657
12214
8897
9785
23476
14988
9054
3913
29976
12516
14336
11423
17568
8183
21778
3280
6935
24488
21491
16523
12296
19631
21650
1496
12266
28150
23867
14494
31380
2371
11440
11368
9719
27416
29308
21352
6411
26072
24964
22205
21258
19498
20703
1009
13021
27298
24295
13254
21203
17567
19088
3634
19609
6255
30457
20392
31079
28346
19777
29593
631
14621
28828
26683
21947
17429
30886
12169
21199
31
9719
4491
17453
26141
17655
17367
30880
31484
13043
10840
4347
13972
14705
5454
22026
20943
13249
8342
10953
16398
13013
6188
28372
22472
4947
1518
25887
28276
14823
19618
29415
27562
27102
29755
19176
6021
27121
2904
22737
10315
27486
16910
245
21328
26430
8679
2115
25879
26130
1834
14456
9403
26015
16221
5267
1677
20732
28937
12681
29183
16105
12477
1851
7873
27234
26453
19877
19753
6516
28028
14936
24024
26192
112
12842
3227
7838
29702
17196
21135
11539
17901
31452
13193
16710
30262
27804
31412
10687
18708
31843
10876
5201
21985
16819
9131
10411
1890
5835
18386
12585
29004
10269
6891
17904
7943
6146
10300
11833
16305
2733
11903
27629
21350
11869
22335
9587
15807
5079
32133
25029
24984
27412
18356
19146
10775
30775
6322
27104
9450
21698
7240
4791
4559
20744
29388
28774
2906
2534
16381
26808
11507
1710
8494
18887
23070
29540
20135
30157
2815
19245
27720
310
16925
1796
19823
30458
3942
9391
12316
14121
17523
6641
13139
9160
15886
2050
3266
4059
26353
17212
16804
9411
22481
791
26341
12746
14491
20055
11399
6653
18174
30596
14404
21562
9769
15771
4981
12681
23510
25859
12338
23983
7815
23746
18875
19969
22799
17393
9238
4727
1877
25453
28410
15617
20565
28624
20460
21278
359
10144
22440
32170
20164
8646
26306
27383
32070
24641
17805
5920
22895
31515
29500
28314
8109
30620
28743
32524
14812
8127
2065
10849
30221
28130
24007
4123
6790
24769
16523
8426
31498
19365
2770
4221
29530
30425
4362
6552
27387
9310
25473
18535
17978
19679
26498
16146
26734
10471
3009
10385
11133
23122
7160
19906
28833
18946
30675
184
11884
3539
12554
21078
8202
27344
21708
17949
31175
18343
25700
30787
18128
9050
16663
27141
21566
25656
3915
26686
19792
4876
21743
16439
27896
22164
22294
14017
26778
17204
31461
30081
30736
21228
11696
25228
7921
6536
6240
5684
6931
2326
8728
25377
7246
23197
1560
9379
10627
28428
225
18246
22237
15473
22681
16295
12631
7019
17586
25479
895
2274
30919
22814
22393
12277
22214
4273
23110
20532
3156
31847
1095
21520
8045
31321
11004
11151
11851
9448
24594
16197
26250
32083
16797
3967
30601
9353
8098
21441
1043
5691
6872
11891
22335
6710
8367
18647
24724
24560
26770
27454
15217
30816
22121
25980
17836
8723
26211
23449
2426
7037
1522
19145
32399
28557
32279
23198
26246
28804
21215
20093
18562
21766
15406
11087
20502
11121
7099
25976
4962
5999
5212
11021
1151
3527
9860
7745
4638
633
30217
5153
15211
15625
7467
11138
6968
18203
12499
20535
11863
10560
23064
32391
22855
27152
10503
23262
28948
889
1188
29122
19320
16982
23596
13321
6726
17475
32157
841
5640
1968
13688
25233
15335
16949
7110
8022
8908
28965
12889
1712
11205
22630
14420
31431
4522
25472
22254
31879
7168
7411
2930
32156
31005
12238
29322
3738
909
10109
22718
15739
30389
25059
13368
14415
22198
26537
27594
2095
3989
7893
3890
30835
3992
2974
25756
32293
24819
4990
28520
13237
1699
30346
21550
15597
8347
29439
15871
10024
6942
18205
10478
6591
28012
1336
13775
27333
11168
28172
27455
27636
28633
17745
2021
998
24216
21647
18935
26505
19049
4148
20479
1997
15046
4836
30431
1951
23096
25360
22802
19995
4031
14026
21302
2301
18292
10711
12743
13145
11885
6662
27694
29837
26081
7617
4346
27507
29068
18658
18285
14811
25941
13256
2618
25656
5679
30889
32653
22937
21053
6953
4684
14299
25657
3628
12444
8221
26134
19433
21416
12149
9956
13377
13470
28641
10229
9550
21241
21889
30014
574
12294
7171
23807
7266
25505
6238
19111
12930
28224
21187
18674
31348
27700
31952
28500
26860
3627
6152
16026
11158
31480
24704
12495
2402
32407
20442
92
7456
10859
19575
27252
7756
19147
22761
28847
11307
21949
22439
24053
20247
14081
14085
4766
9238
7506
6499
23511
26290
11496
19876
23112
19717
15169
11234
15348
27156
30753
10847
19808
2654
10200
16063
9719
16052
21187
24437
29613
2378
3605
14716
10723
24847
16855
28231
6026
32570
4142
28154
10380
11045
16861
16858
22119
30815
23562
23298
3099
11005
17221
14681
327
13872
4038
32448
20623
2333
30454
17040
19776
7656
28210
14659
23607
32530
27339
1137
21503
14086
25425
16127
10297
24046
30225
6547
25665
14795
22748
6986
14606
9413
30218
23214
8794
11711
23231
17122
26371
10031
23149
14624
30898
6189
2970
13926
30394
17354
484
10603
22595
15010
26946
13528
423
10933
26252
7605
18716
24946
24894
32289
11924
13333
6777
4167
19169
16947
13642
9613
14877
18067
5167
7694
1353
27200
12247
29771
20276
19932
19242
12573
18590
15671
10377
23535
12190
16673
9303
15145
24129
892
22712
30959
11380
14741
11928
12
10532
2228
32752
9513
28323
6385
12100
28739
5710
19018
22641
6748
3949
16371
32421
4976
23898
13805
23471
9386
230
21722
13433
728
4344
30736
22226
25885
18039
6636
9329
29669
32618
23144
20279
9246
32094
21488
10933
21158
25352
12914
14062
13311
13612
16565
18526
27722
25278
24555
28987
25459
6214
7561
4090
10665
25225
23382
10005
17
25701
15810
25100
22971
9213
21626
27562
26837
13078
12601
31113
3102
14017
24801
12504
12446
4667
31434
18524
31637
14609
14938
2997
20657
27783
22230
9187
2179
26683
3447
18696
27444
16902
4545
16751
17268
291
22544
20942
7604
12435
28276
712
1941
28863
22462
24502
25504
19552
7387
4775
9527
21660
2145
421
2251
18545
16488
20795
7248
19287
12955
28724
11246
28449
1679
4260
26362
5413
2643
12845
20772
27292
19784
8571
21490
1100
23858
4369
1133
23908
22928
12104
28954
15783
20777
23956
3115
19148
7656
27914
1527
18725
13033
1055
11176
20352
4308
4531
7731
29259
21610
29006
30094
10747
4957
9385
9245
30894
31589
18032
11885
4878
26512
6726
2852
4217
24538
24074
16184
26208
14077
16472
2656
13037
14986
8275
14280
6889
10553
31394
26377
16092
25469
10169
24920
2934
2652
20314
20221
26925
126
13659
24840
3880
388
17321
17215
32092
17307
30093
27226
25077
22352
2094
4723
28151
14758
5208
440
23845
19557
30075
25443
13602
10422
8695
20204
32726
32749
22678
20348
1299
32422
18266
32678
18296
26131
3962
3410
18582
20372
19111
14841
22610
20104
30099
11032
29578
25700
25524
7902
30204
31490
8262
22824
9059
22843
24719
23728
19426
17847
27494
17537
4006
19460
6646
20911
1480
22502
21952
324
19056
6894
14303
15997
14400
28750
11664
1335
20720
13036
17905
2212
6453
14773
3337
12866
27624
28212
6153
3342
2148
12643
9937
28917
24624
705
32438
651
26590
7588
25219
23295
28466
209
19389
27727
17543
5194
18732
30136
10095
24935
9878
7281
20122
4392
16846
31896
1273
9418
12526
18029
8738
7320
7648
15294
25079
260
31523
8610
24450
502
30155
31338
14116
8292
18634
7125
5103
5667
21871
30083
11344
28669
9516
7084
29169
3587
14492
27154
30941
32292
18372
21300
23014
25855
22426
12229
5188
26870
18627
8796
12926
21380
17313
25453
13966
23760
9613
2424
4416
21890
21345
8576
10459
8917
5434
11199
13059
16621
24444
20632
26078
16236
11542
25037
17526
27712
20231
31730
2654
8382
21793
23586
31385
25845
29708
15856
5559
23868
3215
21920
31553
13838
14347
15000
31319
536
32328
22033
5528
16015
6260
10770
32322
29127
25961
1183
19098
6146
29487
29486
27535
21126
16834
2650
9626
3314
8981
21979
4328
3281
23638
1206
25787
8048
27764
9649
4622
23021
7135
2058
29048
8081
14735
5224
2130
25183
10567
12818
10524
20973
10011
3167
29469
27763
25648
19566
30026
9762
24771
6934
30825
6839
10092
32544
13430
32079
19876
27572
30022
14973
23942
4882
29290
154
3282
20867
24150
8796
25911
17550
28867
1962
16850
25198
28753
8367
17906
9668
32625
3886
12574
8586
12418
31253
13401
4424
9530
16212
11428
14730
15688
30703
26309
11409
6199
594
20551
18249
28310
1766
14786
31355
1622
10977
3676
13380
18035
25954
9360
32198
11735
10941
3118
8477
12667
25107
32163
27540
17871
22823
20091
24601
5980
10860
3876
28143
13991
18787
13813
32675
15193
10531
31598
30273
8862
12601
19394
25799
27851
29875
29074
8154
15939
24440
24060
30136
1947
19931
12756
8814
30972
17007
27697
21579
17609
11804
25132
21652
30082
32370
25572
10361
23273
26174
12998
15944
21091
5211
11531
31457
28320
19659
21121
15210
17022
6150
1679
8004
21291
31890
13171
11837
30090
30420
13007
12039
6873
8998
8036
16873
20624
20010
29725
5044
30604
24413
7247
15609
30316
20975
22847
8569
27452
12242
8421
25565
8273
17169
23023
16807
18547
29027
6409
27497
17986
30208
17244
11572
722
28083
14932
31572
6041
26928
29863
14138
20363
31145
10387
16570
17283
27548
27495
10103
5605
9199
27204
4251
4481
21310
8229
9419
12219
29556
11549
6746
18921
17304
13024
12220
31229
13802
23173
10814
28260
1071
26506
11509
13614
24137
31769
31732
17006
26378
29321
32706
13796
29514
28712
7436
9177
16183
5432
13462
25931
3565
28215
24439
13130
26439
2660
15238
4514
26612
23422
23568
19642
22477
17103
13004
3772
31333
28521
1296
20470
19938
29104
16708
9857
11276
10264
18584
14624
420
26928
242
22890
4087
3808
17194
2348
27827
18158
31098
28425
13304
19655
560
32355
8370
28797
10918
22143
32551
3852
22132
7395
11724
24545
9956
22275
8285
15261
13991
1821
6444
16406
15814
4194
3258
30110
12763
9814
25476
22921
13952
19321
3615
29161
29192
8999
8071
20124
6765
6845
25013
7049
20106
11773
6255
10278
3978
19124
26212
2110
28321
6041
2168
12785
17146
8825
23389
15612
31728
14737
24419
10042
25472
29756
11921
17003
25854
11982
6388
12085
11272
32191
23351
2408
12217
23564
9076
10630
32286
6362
22602
8067
23534
18524
22064
19145
3189
15352
5896
13183
21970
17829
30712
2315
5474
19096
4469
27093
30844
26911
21920
22606
11615
13773
26838
306
8296
21463
26754
14090
6537
27838
5174
18164
19958
19246
3323
2726
14881
7463
7909
23473
22505
8538
18666
19459
1294
17366
30451
18352
11753
28131
8756
1010
4186
3374
19385
24430
11009
5671
1346
6072
11441
1448
31825
30746
30753
9687
15233
26001
4069
6733
5657
27673
32413
30584
29153
12586
3949
26941
25397
28547
27309
11490
20311
24614
27361
25132
2314
13476
15851
30660
7004
1690
9855
14047
14019
24700
29144
12830
29803
17297
30121
7091
25551
20287
10839
18118
5767
28041
13669
22551
7776
10454
30768
27108
12722
3828
30428
9997
27118
17756
11150
8566
20599
12984
6619
26541
11699
24994
13953
7629
20065
175
30549
7586
13101
9132
8061
25101
24193
10791
7135
16810
13471
28466
985
15537
8685
9827
4659
25114
31631
2591
10834
4101
20027
16152
15790
4952
3913
4373
9606
27306
25610
27890
17618
12384
29531
15335
1657
28693
30074
1037
3012
27456
30232
29213
7954
4368
31919
12411
16078
11675
3861
12148
21663
5176
16978
17092
27870
18729
19887
14428
589
28286
21519
19554
12806
30773
22402
7800
27569
27558
2840
3137
29178
11807
30451
5409
16195
9931
8864
11077
8853
14296
14760
5604
10461
21208
24161
18628
9813
11368
7946
21759
29760
21264
16663
22279
14042
11627
22218
1512
16271
9096
21251
18381
24427
30607
3929
28614
15826
4520
30825
2248
1905
17176
21614
20982
2420
17581
22547
20510
3321
29789
32133
6279
1733
5674
20939
14570
28470
7241
11354
24766
22137
14978
1252
12216
2301
18650
23410
19859
22568
14704
26290
12045
23368
9637
31890
11314
15564
13951
26893
19420
26548
27728
10053
26747
10566
2450
12499
4626
6915
9494
22363
20866
26841
10078
23651
12555
18330
14151
15205
11792
12205
23018
23074
30746
12292
18885
4922
8480
27981
18710
20218
8966
8557
29576
7797
24163
12074
21265
3286
30343
7719
15387
6900
11965
4886
13538
6439
11469
6185
27677
21339
17605
18889
736
17250
12793
15243
11713
15759
24905
10592
28986
19328
12450
18700
32078
10555
18376
20441
27759
6269
28242
140
27040
32334
758
21912
471
32473
30726
7058
9381
2939
31035
4069
6168
5914
7858
22471
25569
25784
20788
25451
30642
9287
17338
4472
4330
20927
9776
9915
9076
2671
30074
28184
18924
19600
3253
5319
260
21792
23487
5821
12839
4078
26361
20327
20828
19953
29771
670
4716
13789
2409
29144
31047
8952
8021
20891
18852
26154
12070
13112
6632
7508
31751
14005
3401
5347
16002
6411
31027
26533
5375
29330
31210
20699
23943
14777
14962
25743
23758
24058
29612
8744
22129
3853
26305
5435
31356
1116
22211
30884
19503
22712
17810
4054
26114
20042
30717
10863
16102
3788
1322
1552
21710
15353
30008
619
24686
25665
13090
23453
30274
12226
21991
24255
14547
22900
1256
19639
54
18595
31633
24404
6869
24227
28731
9371
2930
19647
25169
9307
26728
1650
5042
1032
16436
9178
12631
7365
10037
18537
28470
14275
21168
25054
7014
25802
25879
21363
27779
7957
20363
24920
3924
13411
27807
28769
14251
8779
14431
28156
14477
24016
18833
29797
26515
14645
28730
32541
20368
23571
7524
17304
30324
424
30751
565
14961
29042
17350
25460
2652
26108
31619
13668
32085
22009
18197
7514
3498
21391
11473
4584
31481
30197
9447
12557
6037
320
29159
18090
1323
16506
25220
5941
9382
17909
24727
17073
15695
1502
29031
21470
7993
32533
2855
20397
17628
26172
25536
22774
14336
1807
7377
15469
15837
20467
28916
30931
3712
15313
17988
5993
7024
3620
18972
26794
10642
5457
31265
31033
16970
26424
16002
21273
16355
19464
31102
24348
31025
19287
12327
31390
20596
3954
12390
5490
10624
4849
22592
27677
2843
19599
25175
12866
28583
19769
23476
16734
2305
1125
9923
8118
31656
7845
12191
29581
21794
12924
13712
13977
16795
12144
19923
15800
17616
17248
921
26848
31275
10776
14673
3924
8239
6947
12074
31774
29463
18912
21204
3769
6842
11225
15495
21518
12210
31055
32071
11170
7101
7194
8806
19725
22883
176
4682
16814
22234
32131
9841
9885
38
17552
9905
19169
13444
4916
2501
32227
11017
5186
7941
8739
2695
10324
1397
22570
14512
2142
5121
21952
9342
30345
5895
15710
4050
28990
1814
2534
7259
7296
7414
25234
8121
21888
26344
27434
738
9323
17198
25723
12485
135
25550
12548
22574
6782
16276
4594
1258
8442
5206
12367
21547
13169
24187
18038
18478
30531
27070
32202
32538
770
24368
21671
20780
5136
29820
8345
6673
17008
8303
204
12691
9942
30904
21700
22392
9984
7404
2894
5799
23625
21197
23991
25485
18556
14283
19259
31167
19686
11211
26816
15585
6063
22824
22725
8390
31594
32247
32661
23768
25834
23184
18368
28347
25431
26954
2763
12333
30338
17285
29223
1073
6006
22510
25696
24428
12112
22014
21143
12239
28752
29380
31282
26486
17711
27365
28370
11984
19123
26081
133
513
1922
7831
21054
15748
22068
29964
13442
24085
13739
19816
6243
30670
29607
24641
11954
10384
26005
24604
1905
2468
9128
6193
17799
25762
31275
26735
15031
12178
1302
17088
32723
5202
10719
3470
23853
1848
25490
3974
5967
12535
5412
18588
29676
12231
22021
23631
2838
29632
27892
28974
14512
14983
27927
10651
16935
28205
10571
6607
1117
27476
29113
24350
15846
29332
20394
15484
18807
18717
13212
24641
23707
19613
18836
14121
7848
32356
26551
28831
11250
18886
19220
6203
22846
2496
5829
26761
19322
4575
18742
15116
14251
15966
7108
14722
24358
20366
138
13418
7171
5243
12919
17092
4559
10445
2980
3864
22145
18924
5605
30137
10159
1896
2463
22603
2
21143
11993
19075
8424
12672
21653
31790
25736
6391
21088
1141
27643
12810
18472
29279
32185
3740
4174
18071
10321
4432
6140
14960
32094
3241
4537
30758
30902
23919
13882
10343
26596
1108
1915
30993
26073
727
18959
318
16094
32617
10421
9854
20685
29902
13867
26467
15233
28871
16711
12099
30091
9710
12099
5945
6438
21729
20569
14445
32110
20642
25231
29589
28620
8766
14037
20924
8629
4013
11341
25154
7828
2554
30186
14885
24068
18084
24124
30846
17987
2115
32138
29775
13027
23150
5666
30587
21443
17629
2797
11030
30782
14795
9286
6367
6818
17310
5900
26123
16356
13770
502
11077
32658
25843
21799
3570
18440
10834
22531
32441
13031
13913
16704
16707
32195
30362
5440
8511
31516
4837
16030
30890
3984
17840
5383
27469
3918
5052
17995
31623
4046
9974
21939
23628
448
20636
9622
9326
10050
30368
16167
18203
14933
28753
19601
30120
22418
5688
31046
20108
281
2368
11411
32176
19915
29979
21113
12774
6329
20960
9912
2998
17627
26873
13868
26977
26886
8508
2652
13344
30744
22104
13137
4781
14710
16243
9124
9476
9656
10513
4827
11627
31650
1592
23030
19120
8534
7378
32324
10162
9673
20818
24187
17442
30324
21914
13832
14987
7500
16156
27300
10128
6899
18496
22568
5750
12592
16646
3746
5858
12701
29421
13992
24547
9375
31763
4076
9266
23707
26013
15889
31673
18791
31065
22461
1619
8191
6818
27632
11219
10874
9861
29076
7495
21564
7970
21845
31614
18028
9812
6578
18119
10409
2964
15700
31740
23032
28954
23455
703
13825
19526
15240
20740
14972
17727
16550
26576
8422
14810
29323
3391
16504
26557
3668
26572
19545
452
22143
24269
16915
13475
5373
25661
7236
24269
904
3006
7574
32661
3639
4830
18416
8595
9296
16026
21486
17482
2909
12833
15503
2311
26754
8922
13102
9996
29709
3495
4020
27374
2895
20844
4363
17724
5291
21195
470
11361
27116
3378
5471
21964
15579
13592
4304
2638
10770
20355
5287
6595
28171
25294
6756
12788
28796
9385
31364
7356
6631
18785
3763
10602
10092
22626
17470
17767
28899
10746
12999
2073
21799
29279
2876
13830
16564
32244
29450
32573
629
712
8077
31986
25303
11103
17867
12904
12578
16054
12899
5396
15113
2433
7616
24575
25216
27831
4242
13932
17869
13648
27775
22971
11746
8526
27925
30349
14058
13818
13572
19753
26402
19312
15242
14622
10218
29021
11822
23594
21788
4360
6833
28763
22172
28815
30018
1396
30768
31603
20209
11666
29586
29783
20582
23823
24772
29701
19667
423
164
22962
295
5337
5568
4227
21381
11664
16235
20048
9972
21763
2833
12199
5976
8922
12231
21780
12705
25746
10278
26015
31810
21538
7770
6807
25572
8671
24182
14478
24668
21917
17162
6565
26075
19223
20472
11530
30309
19857
28547
4030
26501
5819
1449
8860
12350
13529
19891
16791
21316
7201
13834
67
14701
26468
11852
3991
4194
3057
7071
12529
410
1207
26438
23130
21897
14505
23410
28683
22292
8295
16986
14129
2889
28442
31629
26094
4429
17055
31623
29856
16021
7913
27011
5221
19289
14496
20369
28383
9030
21262
4328
4916
11892
13628
6781
13401
9879
31320
469
7313
19577
16730
1559
31280
4520
32744
10085
27045
2667
31862
18540
24759
15355
13233
3642
24335
6896
11550
29264
2039
19962
766
15097
2401
2257
8566
19930
29739
4975
236
4297
27041
20860
24500
19683
16964
24074
16108
18392
4554
3970
