10000
10195
10463
21665
27093
12605
5291
4451
27233
25956
18450
13268
18524
2505
29990
24080
13445
1787
12747
8121
19458
24921
7531
21729
2992
12063
3819
27690
3512
12193
24286
22571
17763
26577
8697
12310
11567
26631
26567
17304
6946
7938
20894
9729
12126
24106
5586
29861
4342
29463
17192
23682
27904
31319
22670
8995
27627
20332
1289
14020
4371
15893
9198
2486
14483
22735
18773
15621
10074
6298
29387
24153
24962
10752
12359
15642
15069
2900
22880
6871
21968
24632
8892
15081
1124
7777
10188
5459
16282
30623
15542
12525
10495
9495
7315
26818
19073
30675
18395
8374
2177
21118
10013
11628
31273
28776
17908
29542
7168
7633
14902
366
4283
17763
2926
10805
25687
30464
11917
24891
1380
19390
27100
24302
26788
19248
13621
20502
2772
13800
27251
5232
17610
22841
23079
20633
9664
20546
6285
22318
18416
22055
5822
11570
21345
3490
23590
11696
8960
25019
29753
4257
16370
25555
25698
22799
10025
19175
15932
28283
3381
30739
8709
25981
5213
9301
17744
15274
10479
7060
20985
2746
30676
10465
12638
30443
13159
6140
6092
23712
6792
28698
25656
334
30187
19429
10288
19352
32694
29381
27665
18105
26956
5982
889
29987
29539
24410
1535
13925
19549
6248
16418
17490
10453
16004
12416
2912
19064
14202
25929
25166
26902
26533
19954
25866
12792
1021
21806
30417
20853
17745
22298
12184
15040
24784
18359
14507
8708
27086
7582
23700
23731
197
21743
20030
7195
29594
7819
27482
13882
13090
3971
32258
28883
16869
25808
16796
705
34
12100
12034
16268
30995
31680
21472
8506
5489
19368
14685
9319
22331
29076
7677
10904
692
9800
1733
22221
22699
27111
27553
6229
17918
1379
772
22502
11361
16440
28878
31469
10332
7770
23666
12579
30867
14955
12888
16481
27210
4146
5248
17077
28456
19273
15977
2741
16443
28181
24625
8723
12861
25851
13565
5746
7958
22993
22683
2168
2209
23443
8294
12581
22707
11864
31594
20835
25178
22404
7625
16350
2146
14910
31582
2325
11550
22565
21919
21938
20325
2622
24776
2838
30938
17969
17462
23097
24944
17334
31248
12465
27694
5706
21037
16400
24880
3878
7218
3955
2287
31601
15611
19288
3266
4789
13117
18352
16548
10640
20329
26678
14903
31916
8915
25342
22793
10224
27155
4433
9238
7672
30379
17080
8335
13251
23531
18007
1498
5292
25362
7804
29402
12956
2742
4728
2160
1661
5478
4782
3394
13554
27533
8937
32443
27461
21657
16115
13139
2209
19293
28003
29200
26497
29108
29878
9036
23400
26472
26273
32442
14035
2130
30118
23204
28011
21954
18662
118
9856
3873
16950
10880
21427
15828
27252
3832
8178
14436
30748
7230
19114
24796
9238
19044
17207
8819
16594
9710
6304
29291
18327
30678
4481
22585
20504
11988
72
16614
9801
28124
10148
8629
29296
25575
17211
11782
10111
20726
2204
9338
11169
23636
13428
30552
28435
8220
30724
21552
25909
3580
23250
20158
5089
4408
25759
13072
11515
4594
9114
17131
26185
15784
25299
25196
901
14590
9458
30699
18097
7870
14121
804
15019
28701
28775
12185
3073
23104
28879
26162
25606
29950
30056
8743
31270
24296
5142
3359
20342
23174
29641
9882
18575
20708
21748
31372
6557
23885
32321
11082
14515
18007
24963
21162
19042
2080
3307
32358
15497
21462
15488
19394
878
10365
8137
26223
11534
26860
10188
28334
16050
4889
28989
2745
4291
31895
7919
10078
7391
14429
14478
11245
29228
2505
24976
9556
17389
2277
31849
11401
18003
23528
3582
3112
19861
10752
30045
26974
25411
11086
19371
29701
17879
31282
93
25104
1677
2506
1452
14890
14708
26037
8514
12698
27589
7965
13626
8554
21620
2804
5447
22216
29446
13693
15411
17068
4258
12047
30092
19643
22378
5654
20378
19820
29708
602
27027
29545
30099
13700
29202
6200
24452
13534
27078
18458
8742
12378
32359
307
27937
23254
4591
28140
4170
6046
16902
7830
24254
8498
958
1616
18478
3402
10112
16170
7289
21016
22855
22922
11648
12493
28939
15055
17206
10590
10113
20277
5622
23432
769
4856
17178
30994
4295
14013
28617
11602
15967
25389
3600
7666
26459
24547
30772
26868
27463
8584
22087
17396
24543
828
506
8365
13183
12088
23730
31423
21466
31410
19422
12976
11503
14593
20359
6704
5177
18946
26408
5537
29734
26554
14529
30422
19403
30525
11815
29979
22230
24782
31902
26230
29124
13127
19113
7725
3668
5820
26657
5256
19515
21083
19589
15320
2585
27030
20369
9912
684
5253
20498
25491
19011
6021
15608
12647
16502
15910
13485
29128
18965
32068
11941
31783
26462
115
25399
13908
31347
9889
26027
5698
21003
12790
9364
28939
19559
12031
17504
15155
9864
22284
2093
7729
19359
29142
15582
1835
14533
31333
23150
4866
18668
2865
20357
31630
32021
21896
11081
27179
5316
10287
6519
21364
2737
18764
25778
16462
18881
10115
29467
10281
11828
9824
28961
16514
10016
2549
7835
26028
3102
17860
29204
209
31555
13023
1637
3892
21330
29005
1674
11960
7727
30896
2990
21414
32663
7205
8584
2987
31759
1388
25834
29216
11290
27465
28823
14734
12207
1833
3158
28274
30186
3593
21060
22333
11522
12436
15982
5535
28283
26251
23711
27909
31645
2410
2167
21089
7716
585
29629
10537
313
3840
26358
20898
5793
25230
28727
27742
23605
9404
29751
30467
5522
5373
21928
9807
19985
21657
9928
8537
14074
7178
6451
538
13812
24486
8187
16171
14272
10111
30714
25296
6951
7816
2663
13110
18481
7417
23976
12281
18328
12788
2151
2281
28284
28776
23272
29198
29272
822
12954
30954
31029
19602
11244
16125
31262
5292
9825
15759
467
2960
20199
30377
12226
8779
9317
14181
32562
32592
10899
20327
12482
4634
16142
25004
26642
2578
17580
12931
20928
13490
6412
5848
26006
1771
2162
26808
6401
21956
13266
9490
5573
581
7467
5819
18672
7315
19991
12981
24076
16988
19615
2481
31385
15477
21075
29394
19899
8130
31131
21428
18479
30039
21832
10669
4227
11740
9838
14419
1927
25654
9334
318
28927
13156
2927
26895
5274
9126
25765
11696
27432
29413
15733
4574
11271
15439
16479
25061
20190
17218
25693
13739
21902
25963
9843
5104
29286
30767
392
23252
24215
5449
6260
4506
29927
6837
18010
1963
25769
25037
2360
25822
4332
29107
31420
3830
28659
12526
19290
2157
32485
23128
29595
11376
7622
14647
4024
27690
26534
28842
6503
28997
23320
21063
29685
18862
26342
2050
32405
153
12035
5456
8440
18630
7617
29581
1565
7170
5444
19867
31083
29680
21815
7885
6653
9
26813
14595
22589
31970
12459
30230
29108
4269
24052
6262
24352
20739
28773
7953
26823
21985
3474
4215
21772
32240
17424
316
25920
18441
3812
22942
5306
26104
11580
7784
20010
27776
8797
16663
2858
17568
29149
15162
4630
16917
27666
31007
17950
800
7882
22443
15769
32137
15932
14730
4764
23780
6719
30601
8652
5651
29626
12351
11120
21516
18012
15091
2763
8669
23181
16826
30632
30189
13220
18144
1590
644
11866
6537
22806
28557
25470
32152
14771
24987
8939
2768
2770
29227
6840
1849
18794
32041
32430
16582
4021
26549
17407
10804
20103
17446
17716
16181
12511
30543
25192
29646
23995
17154
29108
13054
3121
22995
5098
12448
7612
24606
16774
4754
13012
32332
9185
13591
28097
26705
3752
3706
22448
32377
11661
30197
7175
27493
14908
20944
3574
25424
20113
28877
11342
26776
9992
4804
6039
14713
26997
25739
11869
19227
17397
29464
17354
30159
30756
23018
9338
13973
9872
12453
23946
10723
28270
31740
31218
9121
13708
9683
10773
2168
11399
16549
2455
19532
25406
6692
30575
14855
390
24864
13373
26777
30752
25258
15069
317
15848
8825
1852
15101
27982
21133
16234
12152
22026
28177
29425
27875
22284
31622
25702
26958
5298
14878
4413
15144
24382
15974
27617
15110
23943
16936
31749
29344
20463
11152
22836
32028
32660
3981
13232
15504
11723
13178
24441
2242
6090
20990
5548
15154
25252
10033
24590
15450
891
2048
25321
30260
30704
2258
30999
20477
25311
30572
22108
5945
24906
11281
9209
31223
11154
30190
19325
30294
22253
9910
25567
25416
19220
394
29898
30358
16444
4379
1080
27684
22856
10514
8770
12919
11837
5808
26422
16500
23286
17585
6123
30826
26137
22135
25681
15443
5193
32356
29772
5975
31645
5000
14019
8338
27473
10876
9972
31511
31676
13709
31754
5941
23170
28701
30449
6393
9995
6471
17001
2035
29492
16834
6489
11325
15428
12552
10086
15546
28705
9655
22469
17052
21188
30007
1613
22057
22506
20125
18129
6334
17676
9423
13996
4116
12178
1001
3229
18114
11076
21984
23254
22019
15617
23142
14159
15546
26035
22029
15968
10163
22914
15534
9103
3884
14152
23308
17575
19860
21573
17333
29450
5010
28693
809
26439
23881
25822
24382
4847
19675
10190
9667
17573
3627
11717
20068
21109
10216
2126
29645
15975
24007
20180
26643
2387
2063
10259
26703
10230
1115
1996
13196
20038
9115
29885
2275
1283
14685
27344
20708
15759
12363
11667
30264
22527
18420
7912
12677
20338
24527
28158
19602
161
29564
12927
8364
16056
11342
18443
21576
10853
11271
32230
7145
32558
29922
28397
580
19207
4823
5583
31650
17444
27162
29049
18567
12556
20197
19922
27537
5871
19063
1193
13986
8761
12637
19179
13122
32103
28400
24090
27198
2585
10783
9722
20117
12393
10094
7822
20373
14460
3135
7746
22082
25174
26448
19562
12791
12275
8838
23531
14416
5523
16873
24120
7238
1109
5103
17025
16540
775
14077
21799
2427
18749
6187
21362
29017
4256
20296
26502
25887
4233
31774
8339
11146
22479
2294
15181
23505
30941
30303
20124
10121
15367
5164
12436
31686
19486
19388
10151
15748
4417
24446
15385
9541
11767
17331
15797
32251
21115
29814
20927
19239
23127
27898
7465
6723
26676
9236
24329
862
29681
12793
3915
7430
32498
840
21923
26474
25275
15691
27846
29376
28093
14202
17882
17637
17007
11840
43
16963
11425
4866
2335
7672
24846
7518
30828
5429
23344
432
31880
31203
19800
28891
27490
20621
22269
17734
19279
1402
30036
292
26695
32025
25122
505
18769
931
21711
3417
6716
24571
22971
6899
23952
3545
13269
32719
31428
25383
31849
24276
31921
9387
30009
653
5191
19943
16592
1069
13183
4157
29971
25552
21648
19799
15385
30211
16742
4294
30524
19079
28496
19689
6256
28754
17145
24337
9684
15063
20633
7906
7047
27783
27756
31997
8125
27288
8036
29916
15634
24069
21531
22012
5918
26070
20491
10306
19785
16033
19713
12184
32736
849
18127
21207
11113
27430
20801
27113
20020
10493
2643
14127
3123
20434
31905
4128
17675
24707
1567
31027
20587
25814
5898
14591
21661
15294
23839
9889
27483
31450
12042
14175
2275
2367
19489
3979
22862
22391
17490
6825
2077
22729
7258
28372
9749
8635
568
32605
8525
20438
9698
25270
901
7849
2614
12174
27321
19985
25139
13630
28662
15799
20073
4964
28781
25049
3758
29901
27846
30030
31763
29081
29366
3268
24343
23705
17620
28493
30234
32764
13480
22554
16404
3371
25349
1413
24454
17393
23193
14677
10673
5343
14531
3646
13831
17135
22692
18088
479
18535
13433
30898
31852
768
28968
15221
3824
27464
18456
14733
29997
23365
17222
19670
31260
10331
32662
1907
27874
5231
26983
19989
25088
23117
10089
26489
5322
22855
10163
9523
32026
9247
784
2475
27973
30504
10906
3941
19534
22951
5003
30085
16474
28287
21839
13714
23908
14350
28126
1658
11314
21330
8264
4310
7560
28240
8593
14448
15771
32182
1984
7938
15304
30143
12083
17473
6790
2647
2613
26394
7066
14976
3795
3132
15498
10996
14059
19926
22355
5131
18053
22690
15198
18144
19558
14882
21169
3503
4323
25642
10083
27522
26356
2462
23890
32525
5001
14461
29720
3286
16161
21790
25914
29849
9624
23226
29347
5610
30784
1323
14673
26652
9780
18419
23631
18786
32489
13952
23523
18740
25350
16815
27912
29172
30582
28302
25886
21970
3771
27238
3553
25325
15493
8185
30104
17082
18307
12808
3982
18602
28025
32536
14534
13319
11667
4726
29931
18719
3321
9849
30598
1445
2467
7175
19828
29780
12143
2906
14998
25557
880
20996
8138
1251
14729
16945
32026
13229
26683
22317
25652
28796
11964
4902
28442
19349
329
27186
3867
18529
4028
24212
18434
31691
31329
12859
11149
27114
18694
20875
10529
26336
22609
23392
1467
32514
12631
27216
4138
10809
32617
817
25980
20135
6193
19675
22966
22158
18943
29999
22728
23918
25693
26457
21439
14446
12009
14161
3645
24061
16996
26280
24614
28857
30726
26241
16285
29072
25364
31454
10031
23845
2229
25373
11341
14453
18946
27586
23040
20666
13404
19830
9176
12944
11266
32080
1318
7254
9442
21076
8298
28631
23984
9273
29455
26409
20790
18288
29014
4310
20971
2657
7825
22330
966
6136
30097
5932
10324
25440
13665
2529
28937
270
26165
1548
19412
4354
10909
23626
24053
7753
12542
21182
8467
6087
22851
1016
22153
17971
25296
9500
17666
25443
14007
30528
29765
14026
8751
26645
23378
23359
5442
9674
13485
4607
14789
10797
27898
18166
30349
276
24522
10810
13024
19963
22197
729
28202
21742
32425
7892
32753
2730
18305
1131
5131
28671
25049
18587
14095
15480
20257
12006
1801
7230
14321
30290
23666
1338
31900
30644
32607
26490
13320
31022
15608
15574
3261
23287
28972
15315
17467
346
22691
12743
10385
8194
16116
18494
22571
19060
23833
14749
13292
28125
31776
14597
14205
6158
12322
4474
11236
12229
16249
16453
26712
558
2606
3734
5459
18857
1457
28270
9706
4558
8397
7868
31578
7342
9178
23239
26339
11612
24885
6347
32217
23469
18925
7143
29688
21819
15039
23862
28664
12208
5445
4157
3681
12353
31082
18053
1697
11384
13089
30344
9819
26679
12375
27090
5891
5370
4901
22112
8616
22108
13387
10060
25872
28637
10714
14508
12810
32738
9776
2743
512
27645
17193
12329
15308
25199
3476
31721
15052
5355
25828
12777
19513
4253
808
16206
5812
22379
16702
15826
8226
7803
27459
18022
26042
22005
14669
22299
14940
24074
16477
20546
24357
3381
28559
19666
2624
27584
28052
23051
20479
18571
27234
21081
8746
2825
14634
24443
22935
26251
18059
26596
32250
21185
16133
27490
16383
28029
31152
4861
22934
10683
31534
30754
18574
28639
9438
26369
5990
4925
25682
8243
10336
16606
30468
23968
14038
19329
5700
7840
721
30945
8053
32608
23256
13366
3193
8072
30726
18942
20586
23578
24672
4349
27787
24733
17253
9347
20862
21372
1254
5101
24759
8617
27159
11118
8752
11653
7399
14864
606
25860
31117
30965
11365
780
23139
30691
21640
31
22008
13056
1763
30266
9056
13785
20060
31741
6351
28585
18391
15115
30823
7385
30121
17844
32589
27075
26447
28626
27394
12987
2401
12016
26865
1360
12737
17842
9284
18127
15384
15985
26108
9225
19075
31013
31553
11862
32393
20616
22006
18906
15953
6776
7057
20743
23057
1949
5674
4451
9674
9805
15313
1420
23347
3244
16421
28793
22514
28184
25635
15874
3090
8132
30779
19619
11442
20642
17577
1149
32506
30855
19458
24477
20308
17034
7181
18305
26840
30381
8405
27608
8455
9919
11772
30346
19389
8832
12882
16632
11105
30471
18854
28293
12639
32097
8413
4181
8920
15483
24641
13909
30104
8769
4123
4475
31048
22536
11139
2895
8420
13865
21879
30378
112
6895
25643
15805
21223
10420
13984
12630
7285
12102
2168
23903
15589
17552
14345
1703
1629
20598
12976
13798
11337
4096
31591
29691
7829
21435
32666
7031
9503
32092
11831
25439
20332
167
1285
1838
3226
27535
2102
12314
32661
14751
22591
920
25486
30360
23015
31522
5289
29788
9374
26936
4342
6154
11025
20389
1443
619
20987
27395
15472
6029
26942
6017
32098
10669
15154
29412
14524
19290
9789
24524
3371
3288
29860
20025
32321
10435
26272
27981
28452
25588
8885
10836
13704
9385
63
8449
22746
1247
24654
24826
20926
25603
2227
11416
23996
15306
13659
5351
15158
15454
21468
5877
24990
29626
7502
7753
2534
1111
604
4273
6967
12040
7578
18241
20453
13346
8218
6296
9891
20449
27706
22629
29683
22023
21183
28714
10209
12486
9768
30016
7153
18144
6204
24604
32086
3341
5606
18640
10084
18077
5442
19668
584
14686
2552
519
14839
22720
29641
6897
24932
11319
15207
8267
22006
29921
20874
25537
30521
22121
17472
4086
1748
1835
16004
31177
17595
19353
9747
5847
7077
16605
19323
15680
29121
15040
24693
4271
29092
14538
10356
16532
24454
13994
6014
31668
20143
23513
21307
15588
19244
20091
19020
21777
19398
11654
21981
22148
53
30245
6526
17764
20368
22623
5422
12669
6920
16116
7609
7487
6358
3719
12101
22026
23410
24578
20007
8617
22790
14903
27131
25884
1826
3779
30451
10394
24241
32312
12655
7382
23596
10107
16334
1410
20493
1642
9860
11537
4999
9666
17005
17858
30068
10304
15714
23514
29583
27911
12553
15664
5091
21314
27633
31215
29315
24842
3294
25240
22396
20874
26721
10054
26888
20065
27820
31798
19972
22599
30629
26502
21668
8948
21305
7229
29030
26686
19443
1676
10820
30337
5581
27988
16942
32323
29510
19687
14519
25368
21172
20243
29199
5060
21980
1117
6961
11680
30656
17034
7773
28479
17592
19556
15305
15952
22724
9914
6804
17606
6177
16041
26107
26935
22042
17690
19151
9858
24097
25484
26918
1717
4894
11796
3666
17710
6407
30369
19215
23552
15537
25989
14848
152
3558
31537
2653
21408
24503
24384
8934
18467
8979
8376
28955
1522
20377
19340
14510
19271
20139
30565
30521
4521
7364
13217
12333
31247
5387
29852
13578
17480
6952
26159
15830
21914
5974
18295
26056
4778
30905
13272
24644
4251
12787
32065
31244
24954
25586
31665
15028
32730
11019
30202
14934
7611
16973
1989
32648
23217
28943
10454
31115
9538
30412
14737
27333
19343
26929
14525
22385
32567
14451
1673
19606
20600
19942
22732
4917
25751
30924
17553
9159
27522
7530
211
28135
6325
23138
18053
18507
9050
6204
29142
7416
4532
14150
18610
9654
21437
20382
2700
19650
28942
14221
11611
1476
19968
17430
27618
13056
19473
30671
2357
27344
18825
5104
28025
12626
17501
16298
32747
31326
9299
14778
25124
1979
28775
18493
28827
30610
29549
23238
11371
5922
5113
4782
29270
19894
25468
9643
8970
13268
10415
20132
8356
10936
26933
16580
17779
2049
13948
20686
14334
10665
16868
18608
16456
1594
31779
6490
594
3391
17384
24272
16866
27641
26558
27262
4995
2644
32563
18381
7885
21529
24378
28403
21990
8805
11727
6671
17993
22874
22745
28789
26310
3604
29780
31814
1738
18655
17327
7749
17121
14247
29299
29669
8825
25776
16422
25511
17129
17799
9071
17314
13234
13880
10363
20067
26628
13505
3742
23032
24964
28871
26942
1352
30796
904
18413
20390
25651
25617
10709
20133
27471
27568
16473
30253
22969
32429
17657
9934
9872
11573
26230
30293
27201
24727
4407
26269
2565
26803
5868
32424
15531
32174
31089
31214
19607
2539
23797
501
15115
20535
25947
9762
10405
16964
736
1487
10025
7001
29183
24734
22657
4935
29330
268
32514
15775
31289
13641
25329
26914
26111
19015
12614
4985
28475
15632
14255
17703
26549
5726
8664
27067
266
9317
7146
30794
9042
1780
32338
28
5887
16828
26307
28070
1544
18671
25214
7096
6216
15374
3537
1272
12065
17148
19677
10639
1124
16726
413
32034
12405
21511
25380
28932
23466
19734
23078
28330
7925
8643
1722
22111
22467
32467
21342
22072
29475
30504
14652
11595
29739
148
6572
12060
14743
13039
20729
7000
18100
32103
26216
7622
4989
17944
32118
2682
10243
10205
27746
10828
1810
16997
7147
11144
11281
20617
5211
2791
8234
30940
23492
2238
27307
3204
2442
32374
24748
10313
13089
10300
6131
27628
5656
14073
276
15290
9047
16005
27868
16480
20389
21528
240
6401
19821
28929
24498
29574
5057
28058
1892
32566
22175
10363
11408
28038
21619
11758
5031
30002
7390
29603
11752
2956
13494
31909
32131
18452
15182
31117
1279
9802
29943
14582
17881
6592
24262
31792
4718
10355
12184
1081
14106
32603
27220
27368
16034
13633
25968
7276
21967
12241
27575
1269
4700
24304
23113
18097
8467
16976
24547
3066
7986
27969
16736
18894
8979
31946
18304
1663
14348
13304
14825
30891
20885
12918
2923
4719
31144
31070
7048
19672
15982
12879
12596
18330
8983
27840
4825
4357
6153
17811
24478
10804
15934
11501
3561
7048
31207
15942
13090
11605
6230
24252
30907
6362
3354
5549
25197
17783
2668
21380
18884
26138
30922
6867
13021
2811
4577
16291
24175
31625
8880
12552
15624
27811
14571
248
10137
26380
16285
7772
309
29209
20242
30056
9750
22189
13300
27176
19425
3687
29108
24924
14122
13082
17451
19334
27195
638
25730
26177
12561
18981
5455
10196
11944
20400
14848
2311
20345
2370
32125
8502
17728
14901
19465
18595
28674
18444
9321
13584
22607
23465
1097
17550
7877
8897
29659
27280
1237
17804
29889
29507
29386
25793
22573
4386
7942
13249
16455
26821
14991
786
20687
3833
18123
20240
21251
11542
30856
9951
20675
16269
19519
32676
27379
8897
12186
18421
28449
25112
25651
20366
28775
32081
32671
22341
26515
6168
11435
23872
7814
18391
4581
31077
27354
29648
351
24082
31688
31593
21935
20750
16200
5830
8250
12480
8825
9629
3251
22943
12612
24646
7646
32746
22844
7954
10138
20889
21449
11230
10782
29843
31622
20968
29315
13601
4327
8161
9347
30883
12831
4163
4480
18562
2625
3044
199
2405
31653
31436
19735
12968
18829
22339
31581
6666
1288
30511
11970
10149
16663
32669
7655
1572
21007
13982
28015
9008
7230
10068
5055
5163
13777
19532
10753
13089
24565
13326
20079
2043
6973
21491
31694
20982
23364
32055
31288
17748
7571
10319
19743
20818
26565
2685
17039
601
28905
10657
1971
21624
31271
25170
26267
2578
6823
5165
4412
23252
686
26733
7609
3818
31242
26301
6113
23155
7601
19530
19448
3378
8357
22811
11962
27270
5146
1957
1693
15772
31451
25242
14935
32227
11242
27907
26784
6080
18534
20622
11577
11652
18610
17961
14125
25755
25812
27855
5207
4869
23579
674
22052
24843
24581
13371
29594
13098
9823
30270
3225
28756
26286
7473
29281
30808
18126
10126
6485
24222
31449
28182
22527
15639
7243
11881
5971
13172
31843
9172
22584
26262
30156
8810
12868
5190
380
26710
12231
3879
4829
6511
11020
14056
32554
6413
4315
16574
29724
13851
11330
25618
16839
23918
24470
16247
31678
18005
28340
2526
13694
19826
16012
25613
24074
29128
11745
24141
32466
10260
27466
1635
25049
30817
27773
4546
25367
6615
27340
30719
28957
212
2288
4485
247
4926
1542
3722
31062
30487
8663
23106
22767
12113
5724
15954
7198
31460
19074
23175
9679
10783
8746
17608
12190
24123
3956
25929
1341
26422
18749
25346
3862
13279
19174
13408
28722
2093
343
10298
15194
28116
18756
31494
892
4890
8879
19533
19280
3047
15791
2140
6202
10524
17519
6717
11379
23078
1657
31205
11364
19667
26933
27311
13138
16228
16812
32265
6976
14563
31634
11885
31761
7095
12676
9876
9710
18037
6798
2278
6887
14073
28912
19252
19421
25526
13858
31401
7327
16202
30741
31742
29523
6741
31676
7150
22296
22412
28875
1002
25065
9737
4799
26381
2500
13797
23326
31570
1292
6921
10496
4869
20013
21057
462
27255
2686
7315
20298
32246
22635
9422
16079
31740
18643
9061
9690
10151
1967
29822
4042
16233
30709
21575
22756
15361
18108
13705
31386
31658
14752
26239
27917
11666
15464
30696
16848
4493
29158
6747
23535
24587
19487
26075
26928
28232
28588
16299
152
25282
26208
21091
2609
3568
25899
19524
21515
15153
10558
22473
30849
3587
12400
638
31165
16245
20705
1557
13951
20447
29661
10167
7193
208
30723
8600
14783
11080
32422
19150
6397
17959
10355
29027
32649
12518
1364
6825
32315
5765
15253
7629
29018
31940
10822
19631
22041
21398
2784
7921
6497
6355
22059
4943
17361
25645
28766
15150
9988
28517
24712
9335
28690
28351
5936
5541
17241
19891
2104
20509
17789
9189
7176
19646
13741
30295
15336
9914
32040
6365
32172
10404
22528
17362
12951
12234
31518
12810
23930
22980
23431
23303
21532
12365
31454
7536
4062
18258
23849
28094
29087
329
3032
23865
31966
28100
18947
3363
19998
30278
24051
25139
20623
19797
5092
3141
30442
21456
24073
13903
31645
26755
13777
29335
27688
22009
8809
14115
967
21137
2178
32369
6481
18132
10068
24681
9312
19974
26338
14224
7602
9467
23424
9854
16079
31533
8851
4498
25836
23051
31897
24804
6928
5779
18537
7803
3957
290
17339
17601
30769
18315
13546
20787
11029
15719
25081
28509
27862
32429
30933
20486
15210
8323
19673
168
6069
25683
3479
22307
4709
8480
23254
17841
8219
22299
22999
11037
30923
8561
12253
29488
1637
31336
1515
7021
9909
1450
31184
28670
17544
21728
8289
5357
3088
23171
32006
12183
16009
32495
4728
17502
26909
3002
28872
7327
773
24899
25764
18660
14066
10894
11222
4954
23467
847
21261
30341
24567
17476
8416
27698
11709
27080
12816
10413
18538
18598
11021
5685
10899
1323
8892
9389
9948
127
10872
16788
20504
12341
5975
3127
11441
5152
28846
6693
14666
15976
10199
24548
32420
8670
32049
4578
16062
6797
13929
4526
32065
25745
2552
15208
26394
29997
25581
10103
23913
27159
26605
13433
10138
790
21624
28032
4305
22991
11117
8315
29836
19420
17361
14578
32388
19231
10444
13047
8660
2134
27124
14937
2908
11247
16591
18970
4968
4381
12178
24611
29325
14123
32047
6455
15828
23825
12943
18726
28187
31557
32028
25411
30391
4051
6787
18199
12126
28848
12728
17751
5445
6219
15674
28948
10117
8294
27288
4402
25283
24356
4916
17947
8208
23139
12871
14260
23310
1355
31781
24465
9044
31783
31427
17253
15636
12916
21366
13244
13563
18232
6653
25324
27481
29590
21698
26696
23170
18334
5725
920
7284
10602
20570
13510
29626
19046
17212
31706
23440
1775
12225
21800
25415
25632
11624
17864
22763
8168
18993
3143
1828
1888
22436
18844
2650
1884
2324
13918
284
11073
18213
14388
7107
32278
23692
27532
20306
477
24598
30096
12193
12579
32748
12885
13499
16086
4629
4950
28548
2135
3644
16930
29087
28112
21684
23377
27790
1224
26297
21948
19483
22772
29689
27118
20471
12112
24915
3541
26786
32623
11486
22717
23434
5903
21293
25472
29303
7153
6609
30966
14886
24552
25376
10931
5172
15151
28469
7666
8255
24831
11832
9420
16455
25185
2016
30638
15450
21314
15413
8969
18800
17861
16795
32075
30612
4061
17420
14607
19268
3866
10661
26512
1563
24259
16484
32612
25261
13350
31024
15207
18355
21804
21529
26101
13928
23856
25058
25692
30770
17425
32444
5776
20357
23430
10837
24353
12292
14002
8465
26475
16874
12281
6807
29709
13481
273
20880
23964
9425
8540
14507
408
6450
24181
229
16286
23365
25353
21767
22240
11976
8168
28272
14291
11433
19291
26388
7719
17701
27321
27845
1788
11569
6709
14770
22355
15129
1786
30253
18114
30311
20346
26545
25197
24326
15874
4387
15409
12199
4498
10328
6690
8036
18669
1240
14904
26275
9196
27617
32325
2878
20247
23983
5162
14305
28022
18427
28235
8883
29861
16834
8256
18232
3879
13383
29646
30582
30972
5467
18965
2134
2678
5852
7434
7502
25928
28540
13608
22333
30688
8387
26467
27286
19191
24152
28510
24769
19814
31356
14813
2238
4667
31703
13181
23308
13580
16503
28579
21705
22667
21014
15282
3610
29531
20379
29313
4045
24354
4068
9228
11325
24032
25027
25961
24438
2431
3398
23806
31386
25003
31292
24306
7812
27619
8180
11745
18858
6608
8776
13268
32072
27094
16346
18288
15803
30186
30110
20845
29226
25763
31641
26186
26476
28819
32488
10303
31270
31191
15619
1396
11316
21997
25667
9840
10571
20934
23970
8404
32476
6684
25539
16969
2875
32262
2866
1975
26624
16330
8172
5304
21422
26610
31778
16204
24210
20130
15418
974
24302
20264
29719
29990
28759
22997
18842
32065
604
22539
6248
446
14952
5784
750
16618
11498
10818
5283
31471
12722
675
22925
15176
22430
7992
3847
22136
15223
6836
20929
28668
17942
154
27912
7294
5579
8458
12104
29771
5887
22235
26575
10759
4119
29675
29139
31136
9372
18355
28855
896
5017
29727
8586
26631
13637
1180
26065
14136
31714
31602
27526
2226
31717
18772
5728
20450
16215
25397
3669
16504
26747
27230
5982
22295
26545
6846
5754
23121
18586
29569
26613
26578
23165
19940
27370
25051
14314
22087
26119
20723
29085
7043
10640
3545
24740
10367
4774
18364
25541
23550
21450
15022
3098
29371
9885
10839
31998
30648
19177
29926
813
3795
30437
21069
10022
19866
7349
5038
16084
5728
10545
30480
17006
10641
8167
25431
26780
24898
14435
8307
19931
19212
24750
24535
11042
5147
18708
10541
24518
31618
23850
32584
21147
16081
19984
20826
28252
13546
4596
3175
15692
2832
31959
24825
26654
22593
22164
4374
7186
31430
4638
23151
7266
29704
2569
20698
732
13989
26188
15618
29648
6851
3909
21341
18732
27813
20989
22367
30950
18812
6574
32494
15002
15999
25218
10773
12405
24125
18846
17148
5969
16434
24159
23064
16929
7833
6371
21151
25744
1666
6604
13119
28901
20004
5952
28431
3370
17780
6964
15046
25485
21751
30443
16939
20998
32468
4025
20940
15674
30253
26893
18675
2720
16559
4015
26582
1506
5736
19013
19982
13702
29657
13084
15690
25293
4685
7973
29765
22747
14953
30270
13813
7961
9475
24755
20742
13016
24120
28165
15238
1079
24248
6378
5858
14918
20325
19604
12305
619
11037
20278
20495
28421
13011
13765
28813
10576
26597
17660
10471
31369
169
25506
26454
28754
2889
527
19047
8279
13010
6893
11947
20274
23175
12604
17584
32396
891
28568
17201
9861
12383
19647
2442
7766
15256
22862
18030
30773
21397
6859
30428
21626
4447
6120
20815
28671
23921
31238
28982
29132
5835
26617
22179
15348
12354
32267
3655
17338
14362
1859
5534
13560
32214
23527
20327
25794
19023
2367
7255
22342
24068
9884
27662
23798
10673
31641
23114
2794
29987
23457
11355
4735
26698
23217
17111
15429
10896
16223
21390
2584
3177
22044
32704
17548
28459
2486
6798
30607
24353
25889
13231
8777
5082
25206
14948
7751
19143
11068
19630
473
12294
11751
1726
440
18808
11422
26285
5612
6169
10561
6253
26093
25489
21163
15872
16393
25606
22324
2023
8197
15925
16506
12766
2311
1473
15458
14278
14004
14794
30553
22243
27029
28610
27616
12103
21183
8316
19271
6542
25267
19334
25528
1228
32643
25785
10104
28868
26166
16398
14698
22619
15214
28596
8917
8268
3912
18527
5734
24092
22660
32738
25721
2897
10982
6656
1172
30943
11483
6015
22580
5859
4192
7039
2765
25747
4896
31498
13068
7285
18908
27372
6495
28880
15120
16325
18359
27745
3284
29788
18061
19278
18944
27190
11043
24672
659
6248
23308
23148
19286
7337
10478
32274
24764
25259
11911
10154
28941
21932
2030
10620
20931
20552
21531
23087
9269
16017
7850
26501
11634
9825
5852
16709
25968
2543
14303
12408
358
22689
17999
28375
32118
25121
18172
21125
27023
32691
21230
25082
32146
26566
27814
25663
14515
24520
15015
16737
4131
16447
19253
18208
28908
32534
17757
9703
6428
13364
11061
14849
3109
19540
4453
29961
9860
24080
28646
31650
5281
21822
28682
19305
12534
26752
23485
32040
3444
3351
4618
30541
11298
23800
9441
9370
11016
8994
1047
797
26443
558
22958
8035
23449
26920
31575
20457
15815
19101
5429
17619
8121
18933
29156
16352
6019
21251
954
2206
13005
20443
4940
28890
14716
28900
14132
32091
911
15150
30994
1744
26182
20741
19409
26374
31882
10438
14124
1630
20105
9713
23664
23935
7329
18560
14467
16200
20863
26231
18213
32520
24456
9149
27510
18162
3447
7210
16824
13003
30280
29665
15959
742
16470
16864
15910
31570
20416
2261
27628
17234
30736
12851
7967
22797
28959
16262
6127
28039
4915
9732
15495
15568
7787
2148
15247
13948
4445
17139
14325
2642
21245
32228
25069
27977
13249
14823
8502
10928
2562
2814
13471
21932
28070
30092
27339
12007
22268
8623
22577
4743
9447
22736
11878
605
20031
377
6303
8287
17012
3430
16754
11609
15732
3550
26076
24543
4815
25156
6536
10118
13337
13545
8270
12372
30353
14884
251
14964
23551
26021
13648
6702
25315
2566
6989
29719
8651
5795
2991
2437
12805
26540
14775
10566
11638
23672
16429
6290
17354
10268
32677
2109
10958
4157
12801
27185
28185
3618
22327
15132
25074
1549
24404
5222
15726
2252
13761
6758
8153
21387
4549
6869
1367
492
12364
28547
28363
9818
23271
31048
16632
15514
24595
18238
7911
10914
24766
15917
17288
17327
5895
21575
7835
402
31302
13590
14545
26698
25676
25010
9007
18392
7148
8503
30132
20559
26810
21878
8507
11307
5138
2027
6307
5347
31580
17136
5420
5570
6031
2863
31268
28914
7668
3421
7108
23258
7725
21542
27989
32682
16757
6755
23190
1843
3881
3475
20578
2813
23176
5257
14478
12947
15799
28258
27921
27170
17927
15802
26215
26434
13691
21536
10551
28692
32133
20934
14131
6285
22289
28029
1855
27153
7108
30945
18646
10564
17542
29905
30378
11805
12606
18979
31883
572
7644
31381
29834
14717
26781
24070
16222
14541
3466
16358
31751
24380
31555
28907
8881
17748
9466
8453
18138
1705
30146
5525
17591
18866
2314
4058
24020
31191
19556
30635
2300
26571
28300
7788
31064
17436
16293
11835
8410
10249
26309
6506
12765
8339
4276
7730
25605
28631
31729
12965
109
30874
1526
27877
30977
2086
7613
15252
3880
29269
16259
651
19879
13291
24012
28623
22978
3880
23463
7360
24483
22174
31795
20372
7680
23105
27490
28932
21753
10941
17405
2629
7231
9996
14057
24378
25723
2119
14248
30952
10222
24508
21026
13354
3668
15170
3494
10406
2063
25545
300
31743
9345
27189
31965
30029
10170
30317
27861
25802
9043
3246
22823
13261
5785
15654
10017
12541
23023
29118
32722
27838
22893
20023
32714
14832
25293
22136
5153
9945
2696
20262
10427
607
27708
3190
3017
16763
19025
9023
10899
22762
20700
12372
2934
24358
32707
10768
10536
2708
35
28722
4932
24575
26862
3563
30722
9541
14041
25142
31557
27728
31605
8808
32476
19016
1947
27400
16385
3847
5390
21216
28198
4302
13148
13396
7922
24630
31749
8435
17286
30825
20959
13132
772
16273
12217
13059
7762
27537
19007
16164
16667
7924
2334
29366
25623
21026
7016
14228
9357
23770
11065
15224
13590
13276
29851
15193
19363
12006
17319
6391
12481
27362
7661
28340
21532
7262
6934
5541
2626
26172
12488
20969
22442
2219
30154
6457
27893
31830
8297
10177
14451
19931
17434
22318
12521
19838
4704
27657
15762
26399
8944
19779
24419
13929
1812
23057
32659
11085
11341
20986
1883
21166
21052
813
9467
5982
6082
13081
25085
3914
25447
30008
28349
10481
11000
25643
18217
19739
24180
28940
5318
18631
31274
15616
29172
4965
1051
12555
29298
17733
30885
18473
5412
21072
27235
16282
788
23798
22863
8573
16312
13671
1321
23968
11891
22790
16157
25751
4445
1562
32416
30987
25927
14279
15771
11093
16122
7742
24523
13131
3520
26416
10599
7258
26406
27272
2308
30678
16383
3929
14519
2445
13996
32021
31353
8866
21147
27905
29647
7833
23822
12261
27818
13998
14110
15368
30091
8043
20735
22363
14572
9337
9861
12789
31708
14007
25831
1215
4585
8329
7620
2161
18498
21619
11107
22717
3101
2534
10815
6089
20567
7257
11203
26083
30298
24732
1618
369
15940
25705
26250
8998
582
19517
1482
27260
16713
17253
10737
28254
15576
12892
21097
17956
11834
12116
13925
7877
22238
23827
30822
12360
28669
11264
13060
10108
15738
12670
17131
22505
18445
2424
29220
18950
672
30269
26774
31149
24313
12943
1484
22731
5530
10742
2040
27228
9445
2907
9272
2455
19332
27089
29721
12645
520
24502
23642
22552
14288
26619
20722
13146
22317
25024
6739
30819
21699
29220
32753
27760
20019
14427
31742
22896
31735
2049
23672
15104
31373
7597
30054
14233
11991
458
18527
14856
18882
3490
17739
16159
12070
18108
2158
11179
17389
1128
14754
16038
26488
5016
28899
29613
7230
19697
17425
27060
9142
20770
25074
8696
4472
24437
24183
11061
6559
31395
5184
3353
7793
20461
16225
2041
16706
5224
13671
31940
31381
19609
24214
4405
32133
12865
21621
25676
27235
11386
18829
26366
5281
3587
7789
11564
24558
3545
18417
19154
30883
11783
27332
4481
27486
1214
20516
16911
24556
7080
6117
1677
31597
22906
19385
18553
11698
10697
14254
14133
28138
22302
11256
4792
10878
19276
3057
3716
28729
10753
20062
24791
3244
31132
21236
21030
12241
20030
12571
24775
20718
11044
25585
19694
23228
3636
30610
8410
25289
22997
7063
2384
28699
4356
16092
4681
5398
6565
6279
7144
24736
30998
16965
7086
27266
16138
18391
32241
32529
4757
20430
15242
11791
5507
16786
30671
16588
4590
3241
15041
23440
9744
30006
7046
20029
25173
2496
28441
22577
3508
9781
20288
25450
1088
10287
3518
31469
25594
14453
26570
104
31722
19909
3521
25878
12654
19665
21272
27107
20433
27015
6804
10961
30239
11669
21181
31130
5944
18477
5776
19351
16420
2821
18036
16096
6310
14499
11631
31413
21012
2007
1690
28444
30821
137
30418
14284
22924
5556
20145
9802
30469
8371
10428
14162
13741
8636
14302
30584
16342
27050
23062
6927
19867
4351
17260
19786
18289
24617
21801
31393
30463
3332
30023
6774
14896
29089
31271
15353
27782
8262
32386
23113
31409
30901
12706
15324
21600
8881
30674
24864
12375
4543
28435
18018
22209
30250
11280
31984
26056
16201
17236
24442
17508
4868
29371
26046
14192
24213
32550
23397
19715
25740
6771
32295
4605
27670
26029
18230
17888
30078
25471
25562
226
6132
28399
8536
64
27790
2633
20505
3284
10892
6744
25096
12266
22752
25052
18492
10832
14574
20793
21463
25004
20112
32365
7726
14354
10589
22852
15402
470
21291
28623
16622
3487
2002
22290
21433
29373
6707
3069
23822
6589
10873
24734
3859
13114
4511
18836
19768
4342
9779
8135
14104
5417
15961
10838
23204
11288
4882
1233
20862
1002
26814
13737
19875
30391
8416
2276
22861
23267
6434
789
19992
11690
31641
140
18275
19451
25673
21706
5113
11658
32748
32312
27377
22049
2031
16920
26578
28982
16318
17595
4603
19395
22337
29172
29506
8274
22182
18894
476
26967
30562
25978
24957
11715
3698
18571
16319
31702
27623
21094
20424
1589
21409
25587
10535
5948
29531
3481
3584
20117
31208
22890
23657
23818
13243
1434
12051
12951
20653
17206
28973
21188
14075
19730
27013
17202
1934
27396
241
18547
14208
13647
18413
25886
25307
11362
32645
20259
15524
30915
10614
20317
16408
26438
25488
16230
1845
30082
4702
6575
27260
645
7945
20432
19958
30663
19578
23324
16245
32349
26559
15225
18972
5231
22448
22639
8993
5868
20434
30846
5074
4988
10875
17077
17622
30391
11831
32384
20150
27284
17003
1474
13212
31012
22328
7459
9818
18304
1186
9900
17069
32000
9458
25233
6851
10925
28248
12877
15868
18169
20437
4596
7406
4526
5464
15301
28331
29733
5928
10751
31558
12728
30849
27383
28563
31865
14722
31590
7727
16933
8263
6919
20928
17747
15698
20322
5246
22257
3887
2274
4339
17393
2391
7726
28670
19264
598
4534
22558
12280
19753
21900
29165
15318
490
374
5611
17902
14767
12097
1917
4509
16815
29016
24886
6592
2470
6037
5716
7203
20859
13910
11662
31037
23072
9172
6413
15386
7611
24496
20408
24216
21251
6351
2996
7638
16364
17768
21035
29418
8070
347
10317
978
7970
9925
6549
8365
14008
21713
29518
8492
24709
22737
22869
13891
29688
11661
6176
1060
10191
1242
22527
6253
32638
3951
5538
4256
10192
30453
988
1237
1744
15965
15014
2731
746
31862
22375
25732
17742
9407
29299
12530
31637
21114
3537
11884
23719
18945
24897
26438
29916
9309
10109
23008
32097
22805
20672
28957
17118
6724
16005
24854
24405
14062
27793
15376
19278
30612
11059
21420
2609
10502
20171
14942
30195
18809
30857
31008
28148
3033
23671
19816
27944
9569
10426
855
19318
6504
29205
16435
11869
30590
18862
20759
27869
16311
24597
20969
27285
24903
22914
16525
11817
1871
14174
20568
14054
10231
31493
4552
21929
2493
26059
17010
3324
13069
31293
22843
15491
30737
8873
8907
7063
6858
8416
575
18224
12640
11066
10782
26376
18102
23259
24975
11773
26946
20277
10697
14775
7196
10958
22474
5516
24148
19779
30284
25760
15497
28302
1013
30545
8375
32644
25038
20434
21585
29601
1526
23061
26768
22536
18072
23279
30986
23494
20762
23159
31878
11607
8599
3503
6159
20843
3728
870
10311
22250
15582
6236
29950
3125
4075
30376
17155
6575
27170
9303
14394
9596
20900
25942
17903
25736
19773
29842
3434
15563
3478
22621
29380
23756
13996
22036
20985
27748
23936
18686
2621
15045
3601
24696
21396
3514
28039
2383
4765
30257
19633
1646
7854
19958
16049
31929
11814
17089
2038
30264
23807
4723
31083
8312
419
23709
3054
18990
17409
11586
20484
25630
10975
9438
1483
2363
4978
24998
28976
21008
18220
3602
15969
30558
9173
14489
2694
2055
2525
22715
25772
13866
1265
9541
23297
32656
25292
8145
26695
13639
11344
31116
21891
9868
13525
13628
25589
29423
13249
10881
21325
18353
7256
20058
6172
3185
10198
25836
22153
17159
17851
127
30021
7857
26215
29130
23745
5741
21478
3440
13982
30373
3341
27338
16741
13841
22214
32743
3192
4570
30632
16081
12360
13563
20939
6162
22217
28397
20186
1655
10275
15747
21097
2068
28587
11795
9865
10376
3345
22998
5786
131
1498
401
11361
20101
19217
3189
17243
3304
1850
28228
26192
10528
2184
14518
11050
16450
6992
23579
264
1219
26812
23361
9359
12674
11716
30360
11904
11785
24154
4756
28816
18448
2277
23891
5236
9795
3569
30592
12603
22598
37
9335
19168
10229
16501
17834
28704
4080
10905
9539
27273
31575
26045
21515
13524
13010
11642
7818
11124
6869
9989
23920
11119
10018
5798
9523
4973
10127
2412
6394
23310
21001
18208
25786
13441
11737
8311
8862
27731
17446
28043
12205
31620
14779
20620
13223
32736
13835
4275
24623
3724
15218
8568
11055
5344
21694
10757
2169
15220
15342
8426
26282
32638
24122
20498
29524
30299
24915
21750
27228
28523
3563
28944
29856
26658
17272
16019
23005
1628
22837
7513
2513
3313
4202
27677
16540
32394
31726
25066
19052
25267
234
7123
10841
24881
21727
13029
10382
10133
7403
28250
2986
19729
4680
26127
358
10379
20501
10553
31351
19696
11865
15699
32182
8139
20037
2395
13950
15894
15289
317
16981
9039
18442
9616
463
18127
515
11136
28848
9048
28457
24843
18769
23789
27203
8561
30533
30950
19226
28133
7483
23619
15230
32393
12838
1089
23945
24473
31132
11563
10024
28390
23420
23411
5846
19847
24276
31489
9643
6603
19458
2251
6806
1394
14873
31398
8935
7196
2950
22875
21520
19969
7667
16638
31404
4835
12651
15227
23232
14657
19135
10610
17729
13774
5417
11589
9943
1825
1840
19567
29665
430
20171
15127
5561
6133
18633
1508
15673
29433
1904
3604
15998
28404
11365
3016
23019
20553
6604
2722
5745
17594
16047
5266
4366
1243
676
32493
26004
10694
5290
3520
5292
2833
8533
24931
2842
14589
13355
25169
11843
26352
18509
7990
4588
23078
19546
20810
15172
12451
7568
31454
5413
5228
15924
21556
31127
12022
19252
31380
29846
28895
29964
5532
9237
476
32742
26328
22850
27891
3845
30611
24332
23786
16227
22764
2530
31999
21913
10796
29886
20953
768
22870
3939
7871
1558
20992
25059
11016
10787
3682
10595
31698
27164
16045
12834
22007
15047
31390
4792
7229
16416
12626
11420
24013
29180
19292
5609
10471
29676
13077
20578
30163
9316
14131
29107
15899
10012
31645
8442
5111
28343
27774
3461
19977
2467
26520
17117
6986
13888
4060
32260
4933
580
32567
26620
5763
31070
19118
22920
4934
10009
3245
3127
634
28676
27036
23709
12520
1552
17076
484
10413
31801
2833
24196
20202
15720
29448
20046
2494
27288
23994
5551
625
25656
21737
22067
22514
721
28427
11336
21892
17129
23453
23109
436
26663
2490
9386
6542
23480
7404
17321
19472
18928
9282
3558
18911
17205
18339
16508
32057
25625
24417
2112
32299
18630
10769
12361
5892
20383
5275
6576
27913
28452
18573
24724
8554
8982
29877
21089
32373
13532
1006
6482
1290
25382
13882
16693
28239
11472
20497
31087
30116
17161
21497
14399
32474
26292
31319
9031
27807
13582
23429
24904
15165
10130
36
14637
13189
19226
19380
8779
18949
29254
30050
10727
32386
26401
800
20984
20386
24578
31483
19759
5864
15281
16041
15413
24805
18635
17762
20532
5549
7272
10226
30360
1417
15354
13067
29207
11755
7801
29663
1262
19111
18621
29422
4206
1887
2347
4381
19896
25919
5779
15113
965
10475
5721
26266
24233
25782
19923
3803
19480
29461
755
8713
297
30035
20518
5610
3418
10886
28539
5727
7892
12993
16648
573
23537
4747
4234
10841
30204
2704
24139
1762
22840
6039
12105
22260
7715
11956
10388
24169
8187
2495
31224
13811
23682
6148
23516
24936
255
26428
9322
8284
18565
6333
14320
11509
3959
14061
22662
23803
16460
32508
6386
22831
32144
29395
30408
24286
11563
18247
24534
16309
18662
659
9918
5079
6187
24325
10981
21037
14092
17911
14220
17149
3720
30465
24125
191
8713
12141
20585
31532
22064
26091
31823
12439
5333
28294
28959
4480
29258
6871
20064
16999
14304
10873
17039
12254
30637
8125
23817
10466
3468
19614
14123
29547
12644
11255
14519
3906
32430
23283
31609
6931
5425
18117
4651
4035
14096
25242
13975
17923
2055
31180
8955
31270
20978
29273
6833
16943
29327
5011
26127
10799
22148
9497
17805
27342
9636
31237
8229
28199
1134
15463
28928
5849
3798
3315
14414
32090
28745
19190
29558
6031
15595
6287
24687
32410
28707
28443
4205
18164
13401
22513
3521
7867
22526
7504
6394
9805
5069
1941
16721
14101
1617
31409
23620
3237
2216
2011
8320
1029
16518
18306
26628
25931
4989
3974
23940
27500
24443
22951
6411
32338
7316
28222
28645
21295
19457
10027
31676
26384
22633
24334
7425
1973
19296
24762
31886
24224
31790
27366
20617
12908
7121
7206
26763
21088
16965
23322
17665
24644
24834
3813
15827
27763
16071
15329
31812
6194
24726
22674
19482
12864
1023
28376
2046
431
3746
23912
9509
13041
5872
19836
8752
6966
27185
12490
23889
17910
13259
23475
5552
201
10689
4030
7181
22911
25210
2628
30374
17005
14276
27501
31835
20741
23320
2395
11024
19114
32544
932
15699
29634
14966
11014
17214
21772
1967
4438
17055
27443
1688
21946
8791
29860
25279
280
25856
20893
821
1742
30419
10887
26515
15780
4808
20614
22075
25854
766
3150
16352
2647
16478
20280
31817
25322
13692
31381
17489
28082
10429
12610
3379
29077
4543
26493
10500
11229
24053
9462
20609
17127
26770
11561
31243
20767
10665
492
8688
7212
24722
29764
26604
19559
15759
14205
9712
14482
20143
10874
25633
6599
13299
19273
20004
15278
24240
2298
3481
31987
24628
26546
11749
13303
2988
11003
27957
19398
28486
31326
7872
11594
26770
13364
588
18622
22574
25273
13555
21348
14498
1890
7975
3451
7305
12401
1012
9324
22514
3270
5509
1348
22789
29176
13034
13158
29674
2212
13080
30594
9702
4869
24881
31425
5063
453
3590
8770
18307
19219
23259
16074
28956
14326
8554
25783
11974
7137
7466
54
8268
10887
14800
31158
18864
24560
11030
32413
2322
11981
12732
16953
9170
26889
12749
19193
12025
5792
32292
8157
22229
11956
32046
27179
18916
26334
2802
24420
19188
3266
15438
1910
11911
7654
26499
13107
18300
4548
5620
14082
1772
2589
17194
15828
21331
23953
3356
18522
23280
12397
14765
11382
25966
4036
13687
10479
26819
17089
28615
24936
25945
17979
14312
22163
19819
9866
32677
11938
31667
11161
9993
25086
32066
2877
13673
8252
12975
5573
9125
333
3187
4307
7082
22260
26260
13418
20795
12925
18305
32327
22514
29357
1597
20341
6785
28149
7104
2076
22334
3306
9115
5530
17887
26874
20442
9940
19073
17239
21550
31438
23024
26680
3148
32122
29474
21057
24976
9934
20996
8767
13286
20505
16250
16153
18922
29591
8864
12804
3150
2627
14167
4853
4220
31724
3581
6492
13949
21899
14459
9487
24090
14804
18565
21380
30529
16395
797
30020
29098
13593
27993
30620
20409
29407
5735
5782
24743
16842
17102
27432
26077
30888
23798
10666
10144
20154
20203
9357
15603
5130
10590
26443
2745
17406
15341
32154
15899
9774
676
15077
17961
29043
3267
5628
4292
9536
16577
27915
3771
3382
8594
17865
17204
8946
31014
24049
25166
16938
3122
8182
17156
25336
15154
20467
10325
20085
13487
1248
9633
394
7357
16908
8791
12803
19913
17607
16589
10725
5777
23135
11375
27906
6516
21071
4892
23754
12524
24754
19917
20068
32089
1278
31864
18174
0
18670
6452
21089
26451
27584
18077
10184
28787
19873
23930
4338
499
12134
32157
18294
25567
6780
9739
15447
14588
1314
6237
32216
7506
1749
2918
12177
3560
12556
28950
18627
32207
24614
21406
3305
15457
6305
3541
29327
4299
17548
25307
27751
11977
25919
14588
18586
26801
3401
31703
6748
17075
13994
27071
25027
19295
18755
20577
26073
23911
25994
31911
29936
11943
18306
25053
32565
20578
21995
15379
16264
1231
12725
12738
26251
3540
22971
14514
31737
22801
13998
16922
27194
11552
9039
29194
26676
15387
17634
26118
13667
16223
18399
20211
23596
144
21738
25144
28270
29662
20997
26141
28763
18310
17413
23926
25990
3227
25666
5766
13372
23814
16019
8478
21272
8908
27514
28677
29906
25743
15003
10652
9816
15192
24947
27586
4896
21907
582
1782
25532
11099
8025
29883
27311
18424
20066
3393
4991
19622
16445
16449
18443
4248
28896
21801
16415
573
5009
30329
28486
11714
3927
3181
1247
3288
8110
10972
12915
951
28030
5728
11334
12131
13390
9399
6188
26926
18357
31849
24222
9086
3346
30635
4621
976
15741
11908
24694
24061
1022
27694
17207
29884
19452
5055
24865
9065
21496
14345
22222
21765
22651
27326
22837
27773
27468
1752
26235
559
19175
31287
30989
6826
20011
21132
28907
15029
14419
4471
10055
31892
2343
3052
24654
2694
7539
22747
3910
8850
13241
4880
8409
1923
10531
29272
16304
818
699
32741
18244
24067
5854
27123
22769
28594
27374
15020
18253
11600
6472
30281
19383
22664
21366
25723
14899
13351
21669
2313
10101
25052
22617
4026
13627
19771
26975
12149
30944
18440
7428
18599
12334
15283
3716
17125
14453
5151
11973
28115
31705
18343
15429
26948
18672
8291
30545
22690
18573
10919
26233
26001
1494
27853
16192
21967
15517
19509
18200
14430
25069
17289
16525
28134
6882
20038
14528
4181
5566
11640
18711
32200
31034
27077
8499
2734
24090
13996
27938
7978
1796
6927
27606
17338
19090
751
18902
24855
25510
7800
5172
14172
7166
12861
22463
20585
1288
15556
16505
29066
13047
5445
19788
20564
11798
26543
27640
3792
3676
12780
4432
17116
30017
9830
8614
3277
22993
6090
15748
345
23295
21004
18077
27317
3131
1195
12546
9466
28743
8758
29849
6605
5702
22799
13004
7999
3350
2415
25726
15858
8415
23722
9283
8830
5868
25012
26832
15890
23482
21220
17328
23135
22351
26873
30777
9393
23501
24411
32447
29791
25159
3491
18439
20582
2515
14940
21758
30801
3297
2827
30379
29788
8395
13678
19043
28888
29613
22018
17980
26833
15478
4039
27076
25583
4415
22855
26354
19354
30684
6869
22364
7009
25777
531
20907
28829
7111
11959
29516
15697
10272
7310
12905
8789
23879
28353
3096
13492
5930
87
25298
12882
11308
24059
8486
27090
17783
3327
29870
22966
4495
17314
13635
19144
1325
30350
19565
27065
7754
24485
12573
9225
23930
25085
19359
19494
27003
28457
21962
18648
4366
20923
2938
21468
7941
262
16192
3024
13470
25129
10071
23887
7695
6729
30426
1884
21858
22045
5941
16132
10115
10928
5594
13887
12184
29538
6709
2584
7312
20784
30689
23565
29951
12086
12572
6841
19753
28786
32120
15792
9052
10955
10452
30891
22148
4946
24203
10725
27385
32711
13547
1988
4507
8543
3305
20924
9505
23748
6674
2161
4526
25438
9925
28955
23205
29137
26784
26671
12991
22471
31032
18236
23131
11503
18189
25106
14357
22342
4797
24362
24473
18069
19575
28482
31418
2362
26035
10312
18622
7724
27424
1913
10236
10298
31454
24266
23978
26259
27374
12679
4080
5771
13287
17466
9792
8860
29674
25550
1002
17067
7639
10228
20715
29069
10433
13510
17670
23498
21408
16298
10519
11169
20806
23418
675
22092
28821
20450
7603
20101
5358
9
26851
16456
4844
9331
22454
14811
17747
23590
16172
26124
28227
22795
24727
15290
14514
11160
5802
18070
28185
29100
22739
27947
13420
27834
2251
22556
26704
17194
15979
24237
26505
28924
1473
7301
24497
11183
17251
5299
30000
15713
13059
1518
22120
6967
13380
21537
3888
15103
22988
11047
12420
27668
28314
16082
8314
14210
26010
19507
9848
2923
26487
16405
1957
13738
29361
9931
18333
29109
16879
18732
24937
3528
27798
6875
3246
27456
30106
24012
25380
24133
15509
7939
31306
12459
1302
28831
17753
19482
2107
1304
21366
20333
17538
4037
15915
4953
32732
3745
23576
25167
12291
24910
3046
26531
15630
20826
11133
6637
21059
28610
3959
9392
12588
27572
3796
5433
15085
18073
30447
20170
9172
2387
31664
2552
1330
24259
30724
25426
16745
14223
4746
15683
28231
23330
6800
31034
14738
2548
12605
19463
31716
5387
4879
12681
28089
3778
5513
17286
12999
30921
11557
30682
12174
4973
3984
2516
23855
12825
17942
4829
3969
14621
17499
5722
24930
10415
22349
1236
15179
22831
86
31318
10280
19632
4310
15383
27750
14771
6608
14681
4941
13109
996
5009
26256
4589
25469
29128
1058
719
23883
9025
1612
24276
12020
21852
29181
12285
12294
24762
24417
1942
24369
29090
4276
2488
20403
4004
27481
21009
2835
18556
1830
5607
15122
569
18435
10075
12255
14494
13747
15851
5770
10696
1521
10299
29627
13841
3263
19221
13988
30517
1787
4526
30772
21171
29491
13099
14989
2934
27834
29027
15545
5813
15611
13543
13976
14360
5902
10816
4381
10524
12681
17527
28346
20408
12953
18651
6169
18497
8785
18430
8461
18059
22337
10241
22984
4689
4427
9233
24654
8918
14002
25906
26154
7629
26484
6203
32351
15734
23258
9506
1953
25099
15181
27514
1733
21082
29803
10298
1399
28595
10074
26816
18731
24836
14684
12054
30294
31043
12452
11123
29661
23820
21353
12037
8909
11148
15672
15341
15950
11933
24206
22156
30674
22066
6822
31741
9106
758
30608
25058
2363
25648
5251
25444
11492
27882
23156
16245
9284
9298
6887
3160
19490
21856
4358
1124
29196
25017
30960
4101
17996
15316
12627
12547
10776
19547
6973
13063
11785
18132
11311
17755
21711
12672
26228
25073
28194
9347
11184
9639
7675
1094
7612
32201
25605
15130
433
20183
14158
13854
22851
30857
2627
10594
9809
23313
19163
24396
3257
16800
13074
5947
18033
22059
32153
14187
7636
623
21196
22041
25145
25139
484
24039
2762
10957
23150
20865
31636
11239
14844
29313
8410
19843
8730
20368
21679
12093
27267
32206
17092
19664
25493
373
15998
19420
32003
10681
16203
22247
17610
25586
30519
10657
21094
18940
14266
12908
29253
28638
6356
27931
9596
13483
5724
23290
18873
6822
6038
15375
32120
27305
5379
28064
5242
9928
20605
4598
12403
4145
21379
25952
20996
17494
10193
25722
30184
13647
32307
10158
4722
377
14236
6140
2359
28260
1138
24823
24840
2796
3629
17424
23587
15525
24352
12567
16041
15485
31894
18431
22867
18076
26401
10210
11361
399
29999
12100
14036
24742
15326
4508
17885
1434
31250
26129
22677
25971
14788
4993
27630
13481
7069
15815
17130
24202
195
6206
32523
3035
1779
16769
7434
31938
2768
3189
10700
14820
9338
23178
17297
24778
21091
27453
15215
3977
18014
17634
27391
13218
2297
6816
4694
16423
26381
21437
21046
3871
23955
6171
5766
29228
30649
1539
1280
13931
21302
29986
17450
8092
16090
27345
11911
7811
10089
9114
17934
18061
18089
22007
31707
18103
18618
4700
8229
27052
23462
25720
3696
24877
23865
6585
27139
24758
6931
20750
32413
19295
22779
14320
6500
30976
4470
6307
28190
22168
9368
7609
23715
26096
26907
28377
10898
24699
21422
2750
1348
385
10383
642
24574
15228
27484
31261
619
23747
295
4649
23369
26469
14536
7912
27490
8280
11639
20615
23742
6611
14234
12452
6679
15608
24539
6415
31373
5814
2174
1997
21915
27630
16625
29795
4938
22740
30629
2641
3236
32665
32285
27868
20588
2631
4933
26640
8204
1004
26628
13062
14543
19706
21012
10083
15696
12014
8466
4641
21299
21296
18897
402
18706
8506
23540
13473
22714
18429
30140
3932
22936
30336
10782
14511
30574
1995
3353
17778
16714
9731
23110
5287
9401
10454
27057
16636
10552
13082
26343
19352
32747
21424
32336
25619
15250
11695
29887
29126
17592
27582
23880
16966
24109
706
24914
299
19895
1978
20204
23830
32005
7398
24933
32242
9956
14895
30742
12409
25782
21699
12163
27386
12319
10752
4259
3930
11521
12691
19067
3674
20395
31457
10738
20503
13133
31142
17376
1495
13487
1499
1384
18690
9507
4830
7816
11119
10681
25037
31470
7393
6833
13106
15629
18898
30518
15334
28529
22383
16713
24879
24655
8419
22011
44
23393
23000
5599
17523
13808
14907
29119
20984
24883
5952
12174
17969
30423
3495
31646
21623
29663
8509
6675
432
5550
30117
19608
17195
3426
1112
16464
1227
32100
29675
6159
23144
30013
29841
26315
24690
24492
17888
11853
4055
5877
18904
13868
2343
4987
18721
20220
6903
26769
19604
21955
1923
910
12285
2988
19863
24863
21023
5632
30895
11490
1529
14929
15453
32560
10568
11001
24299
11578
1101
30659
14145
24407
22224
30439
16906
24988
13925
14908
4627
25262
8686
25769
8179
5332
28257
29660
15601
25936
28876
21055
11554
15856
2454
17704
11474
1248
29959
2897
25893
20162
1290
16263
5118
30464
10290
21414
27424
4705
25084
14276
27284
28635
6228
429
14922
7081
23130
10384
18179
6301
1125
10487
9837
17334
25928
9468
1680
5621
18645
21690
11370
14445
2976
23299
17878
7834
7174
21073
4787
6899
3181
9726
10561
8642
6860
2999
22990
11828
20847
12590
30099
32172
9460
29199
31961
5469
13210
10806
30816
17944
2491
30751
512
8802
3990
925
16529
6858
1106
7375
23305
13434
10816
18256
9956
3595
2145
1455
5577
9886
25896
31007
9834
6952
24192
10607
23724
19981
17169
2364
1288
11505
4287
2661
18224
2250
15476
22207
19446
13370
10016
266
31338
23581
25598
16932
4163
20062
13336
5757
6529
8974
23309
20427
2896
31671
12562
28415
1582
19693
5687
23159
848
26151
10988
17525
28994
11213
29123
21968
975
14226
15991
28905
15136
21252
5678
8417
26152
97
25851
2313
9279
1453
11431
26778
10764
11777
4273
1703
19881
13606
25491
6735
7682
4451
6471
823
2430
3986
17162
26168
22498
30073
30816
596
31602
7768
20824
20975
32089
17855
22033
19515
2378
29858
1917
23285
23656
17583
25957
22607
7011
28127
5549
10541
21476
21068
4314
18323
11564
31810
30673
20830
3064
17048
30433
28467
11687
1857
23044
10166
32414
17438
13922
29436
12268
23062
19735
8770
20522
22121
2870
28639
27557
8769
19214
19319
30656
20619
15020
13938
3475
32260
2977
17580
14296
30615
20485
5486
22536
6886
10427
22686
26305
9511
10487
13362
4971
25649
4862
7658
1819
32214
21037
32063
20151
16756
22077
10647
12380
14279
13253
6330
28668
25857
11776
20873
18252
28957
3537
30446
5341
10864
27140
32527
1672
5761
17623
27335
17168
1306
8889
4438
22275
22943
32337
21591
26849
32415
15810
20467
30848
14249
3374
23381
11695
17761
17017
27997
31258
4050
11855
14745
4718
19206
32360
6513
701
18900
5386
5537
25123
29434
31184
9197
27050
3180
18347
27919
29291
20715
15398
12021
7926
984
19438
3881
13300
30539
24721
29073
25611
14432
9094
10072
4866
21969
31342
2604
21542
29898
6297
22442
10220
10232
18892
24854
15575
15588
23105
25424
14236
29567
16368
6915
18053
21501
26893
26912
1043
5863
21458
7051
27879
21356
21374
11796
27874
26617
9886
6056
18316
20745
17035
30664
24498
25149
30772
14395
8788
5551
22045
30464
6334
25988
27560
19591
26100
25536
20884
16929
13139
1118
7107
3252
20598
19873
6208
24499
2647
25253
32640
27725
32182
7225
31208
24805
26815
9201
7824
31939
16359
17782
20295
3081
2583
27169
5591
24552
18444
29384
26250
5907
27390
25560
27628
19060
7807
6052
16339
29215
27047
27389
13725
5764
27502
6147
6585
8680
13913
13114
2665
26134
3929
32481
19909
10833
5104
2175
18692
21902
2965
17598
31991
2272
26714
7548
11222
15924
15052
9760
3135
16190
7450
27178
11644
2227
22906
2575
28933
28089
20425
6723
15685
3996
24177
30871
19873
32194
21136
3013
17335
4577
9047
8521
24035
23663
31920
23923
30472
13658
23843
29115
13197
17658
19194
3412
32677
6468
25763
15364
17108
6976
20567
10034
27823
30909
20217
27969
16099
22083
30273
796
30840
23881
22041
21522
18007
31400
3399
5093
7434
24912
4429
30493
24516
9529
11661
17826
30881
669
32177
31626
17966
9573
26442
27696
556
1249
22199
7046
1425
10171
17225
16812
3536
25646
16037
11457
26458
28787
4969
29945
8549
22396
14098
14063
12012
9701
4893
18493
6391
25384
26988
6731
9756
11024
22508
16228
6982
31600
16245
17935
31157
2580
4593
24220
24134
14072
19393
32509
26101
28344
7260
30935
15264
4424
569
13785
13070
12517
24048
3661
5423
15691
16540
28140
421
28457
31107
15095
2436
2002
9977
13187
26454
14645
20097
13589
30819
18959
16438
8814
23343
19039
18793
23464
22339
27675
31372
31874
29232
21537
1102
21753
21970
30576
28680
20504
27602
22680
14168
15632
21102
14703
32523
11915
3709
5382
31041
25662
7853
30171
13003
29373
21520
31824
20440
7572
5079
10588
31697
6035
26205
16769
4225
7529
30567
23550
14457
7797
27562
29253
4275
26584
12173
943
3445
1487
9009
8559
9848
20288
18350
30405
3658
20370
20896
8564
30961
706
17635
28277
13777
6067
32154
20205
8400
11462
19062
6493
11959
15019
