1000
10129
26848
23461
12720
27951
26559
32535
14698
2315
24391
2668
18407
14696
29437
14369
32378
26579
15754
29265
12455
9304
12058
18310
21917
24821
11010
8655
13057
335
10405
29714
9453
4772
23448
20900
10041
16385
9988
9239
1017
22197
24652
29523
19270
28421
9456
29672
30786
3361
18354
20387
26454
20055
6391
23648
446
30343
3695
13598
16968
29143
3576
26969
30552
7847
24512
13972
26160
29640
2986
53
13166
22248
9716
31125
13526
14161
20246
13912
4178
16596
27373
5370
19511
15103
21272
14251
13514
26775
2211
32605
15107
31554
10466
15643
12433
28547
10656
3484
1309
25835
8314
4888
26835
18062
6533
346
30751
22453
16695
12311
21684
30930
25988
10110
20435
14521
4679
23312
2506
1548
19684
1714
10939
5367
13099
25088
6302
19742
384
7653
20105
21460
17465
24680
14639
1678
14408
13001
15528
31127
7962
5581
18288
20229
2495
12374
5809
31211
24394
19510
4037
16848
8827
5445
21238
6752
15003
20146
27529
9058
17320
29334
16636
25834
10674
28623
11659
7120
4997
31243
24057
10848
24712
8227
24204
339
15845
7339
31066
5375
5866
5319
18883
13002
25776
14655
10559
19172
8442
32214
22874
566
24671
23256
3836
8341
22444
19699
17134
12092
20612
1863
27546
23417
20809
3008
1042
29094
31808
7588
1108
1115
27119
17000
11981
5090
714
17608
22299
18923
7183
28183
1559
7553
23535
27091
7955
29501
10478
1916
27232
3514
10380
20134
10516
25160
4389
6478
5641
9701
21270
10346
30761
9833
23841
26307
10729
17408
19
19975
14868
7901
13731
8730
2506
19757
20126
30382
3016
11594
19521
13075
2282
10290
26854
2128
3565
30775
5092
3442
26234
18424
25776
30244
18784
15759
18760
6016
6690
17932
29649
12069
25521
13603
19326
8330
28794
3361
25781
7314
9123
804
17517
26464
30610
5004
29403
12396
17840
15021
8525
12502
15212
9670
26454
1019
8322
28727
23339
28231
21117
16622
2381
1610
6522
23587
3944
29709
14896
32069
24187
15014
26925
3380
26682
16394
866
2224
15281
1827
12258
11026
21801
20514
20199
12601
9551
4887
23062
18632
5011
2238
6660
32655
32719
13724
21752
18246
1833
11083
23283
24961
4154
29715
4845
18400
25200
23738
28002
25734
19632
4252
24589
11981
8000
15358
20212
56
31973
10399
1700
13738
18248
2192
11198
28885
10910
25414
17330
3572
3208
22766
15051
8637
25144
12288
2924
5009
12758
24855
27289
10231
17186
5376
7608
3912
17242
18704
23961
19628
24670
3515
27317
2372
7954
4963
14003
10153
28932
31086
18225
11158
19791
5019
13760
18913
20671
6550
28976
13488
10549
29898
9231
30697
20557
8310
25708
31210
22847
20483
4320
29819
22019
20373
32464
31232
6073
21216
24044
23284
20039
9789
29947
32658
19268
30204
7131
2517
27669
8188
5827
21411
28501
17274
14028
7493
14715
807
25520
27
19638
11645
29393
31118
30748
16210
28541
8773
516
29870
14448
26012
20912
23514
5786
19794
23600
7865
12579
13697
22658
30299
685
31956
32510
31952
13273
1268
22514
20794
32524
5955
23945
16934
371
461
29937
29213
7492
124
700
10869
20807
18059
7815
20589
10646
15420
10714
12410
11681
17614
20048
5083
28532
8361
9976
21619
8253
16349
6394
25304
19976
6346
8062
29352
11982
22304
3785
16668
7342
30475
4777
10719
10106
8359
27668
32288
24437
22458
12812
20966
15707
21410
6597
13219
19362
5004
2570
525
29952
743
32221
21545
7213
16921
31326
10152
24810
26480
7150
18807
13890
19547
32403
11410
11792
15066
1438
8985
7617
3891
18060
11685
91
8679
6955
21724
14782
3556
7934
16707
7979
9980
7137
1364
26882
13462
10736
19921
29136
17571
1702
27735
26248
10964
26434
28726
19473
10
19055
16768
32257
13839
3363
29280
2729
4995
18120
15021
4177
11289
12442
20927
32708
10499
7248
6786
26640
30122
15870
21960
12167
9379
19770
20196
24073
8414
16766
13940
23686
32545
11725
8062
19902
949
32665
21183
25675
12384
9445
27711
23010
28307
23975
30505
27606
10723
15472
31706
221
28349
6734
13368
23575
24918
498
23109
332
8418
22030
17652
11894
27398
14081
18235
3711
5007
27574
1385
2379
9316
20937
13498
21753
14777
6380
31016
11366
28294
19850
21893
20211
27960
30378
25031
11657
30886
19221
15267
26842
326
16827
25949
1257
6817
339
1758
30156
25860
29506
17671
27056
16249
32190
9029
29727
22005
10547
9061
32382
24531
13541
6058
8666
8833
24280
23325
19940
3194
25325
25637
24889
31860
30029
25943
5863
2266
15370
28815
27949
23420
3076
20544
27011
30086
27914
2824
24026
28590
10562
17800
4901
2738
27595
30322
32024
9218
12960
8419
23344
25273
6080
2292
27379
12498
13708
5772
3961
21657
10864
23160
4651
15967
32709
27069
24779
24178
30710
812
27829
5965
2018
13112
3940
8203
32642
27141
6199
27426
9676
14273
26485
25933
19415
9015
14992
8394
6975
20129
3494
16582
9163
24254
13901
14614
27725
22565
7056
13863
2762
26329
12085
16696
2011
17437
3138
29894
4435
11914
24255
21832
16418
10334
30908
8733
30074
28695
14486
12995
4912
26433
9335
13385
4964
23436
24348
23303
17252
26145
23003
23692
9678
21814
26596
17880
16373
21472
5831
460
22150
17449
28726
9182
23916
32611
2316
19217
7920
28860
399
12581
24101
15890
23282
14858
30851
29448
17951
6043
19154
25177
20403
21897
23882
12652
3401
24981
6904
16937
12283
25603
6243
28428
8230
31819
11632
19831
1646
13841
26243
27213
26114
19031
4327
13500
11297
242
26224
2906
22750
17978
7262
8052
9504
18694
22917
8866
18924
13528
22443
29343
19687
23636
13362
14168
30230
26615
13303
10051
21225
23813
32377
26098
27256
4291
5182
12520
1804
23527
1138
20139
14561
8781
9682
29723
30250
747
22216
5121
31830
17415
2263
19691
22162
20391
6970
26936
11663
21578
18632
9583
17541
24021
11547
12501
18296
31440
9457
7230
20154
16850
3538
11043
15281
19258
10484
15093
21210
29472
9563
13489
14094
30604
5444
15541
10756
18149
21188
5330
13848
4780
6061
25762
9546
31338
19633
23579
27018
25318
21450
25701
23091
19868
20953
21225
27349
17515
15245
21163
16183
11662
10630
30681
16540
7117
14266
12708
6214
