100
62
772
1032
1851
3340
3680
4535
4570
4728
5008
5020
5273
5355
5432
5708
5755
6029
6194
6433
6501
7480
7657
8626
8627
9260
9676
10172
10467
10734
10820
11090
11171
11248
11571
12093
12187
12236
12367
12903
13251
14311
14343
14424
15128
16638
17221
17237
17640
17978
17996
18110
19401
19530
19895
19993
20244
20329
20887
21192
21598
22377
22397
22647
22752
23090
23326
24238
24330
24585
24923
25273
25764
26095
26145
26522
26817
26954
27166
27250
27302
27342
27437
27578
27795
27948
27960
28592
28879
29009
29893
31109
31781
31791
31977
32156
32208
32330
32422
32522
32724
