1000
10
19
27
53
56
91
124
221
242
326
332
335
339
339
346
371
384
399
446
460
461
498
516
525
566
685
700
714
743
747
804
807
812
866
949
1017
1019
1042
1108
1115
1138
1257
1268
1309
1364
1385
1438
1548
1559
1610
1646
1678
1700
1702
1714
1758
1804
1827
1833
1863
1916
2011
2018
2128
2192
2211
2224
2238
2263
2266
2282
2292
2315
2316
2372
2379
2381
2495
2506
2506
2517
2570
2668
2729
2738
2762
2824
2906
2924
2986
3008
3016
3076
3138
3194
3208
3361
3361
3363
3380
3401
3442
3484
3494
3514
3515
3538
3556
3565
3572
3576
3695
3711
3785
3836
3891
3912
3940
3944
3961
4037
4154
4177
4178
4252
4291
4320
4327
4389
4435
4651
4679
4772
4777
4780
4845
4887
4888
4901
4912
4963
4964
4995
4997
5004
5004
5007
5009
5011
5019
5083
5090
5092
5121
5182
5319
5330
5367
5370
5375
5376
5444
5445
5581
5641
5772
5786
5809
5827
5831
5863
5866
5955
5965
6016
6043
6058
6061
6073
6080
6199
6214
6243
6302
6346
6380
6391
6394
6478
6522
6533
6550
6597
6660
6690
6734
6752
6786
6817
6904
6955
6970
6975
7056
7117
7120
7131
7137
7150
7183
7213
7230
7248
7262
7314
7339
7342
7492
7493
7553
7588
7608
7617
7653
7815
7847
7865
7901
7920
7934
7954
7955
7962
7979
8000
8052
8062
8062
8188
8203
8227
8230
8253
8310
8314
8322
8330
8341
8359
8361
8394
8414
8418
8419
8442
8525
8637
8655
8666
8679
8730
8733
8773
8781
8827
8833
8866
8985
9015
9029
9058
9061
9123
9163
9182
9218
9231
9239
9304
9316
9335
9379
9445
9453
9456
9457
9504
9546
9551
9563
9583
9670
9676
9678
9682
9701
9716
9789
9833
9976
9980
9988
10041
10051
10106
10110
10129
10152
10153
10231
10290
10334
10346
10380
10399
10405
10466
10478
10484
10499
10516
10547
10549
10559
10562
10630
10646
10656
10674
10714
10719
10723
10729
10736
10756
10848
10864
10869
10910
10939
10964
11010
11026
11043
11083
11158
11198
11289
11297
11366
11410
11547
11594
11632
11645
11657
11659
11662
11663
11681
11685
11725
11792
11894
11914
11981
11981
11982
12058
12069
12085
12092
12167
12258
12283
12288
12311
12374
12384
12396
12410
12433
12442
12455
12498
12501
12502
12520
12579
12581
12601
12652
12708
12720
12758
12812
12960
12995
13001
13002
13057
13075
13099
13112
13166
13219
13273
13303
13362
13368
13385
13462
13488
13489
13498
13500
13514
13526
13528
13541
13598
13603
13697
13708
13724
13731
13738
13760
13839
13841
13848
13863
13890
13901
13912
13940
13972
14003
14028
14081
14094
14161
14168
14251
14266
14273
14369
14408
14448
14486
14521
14561
14614
14639
14655
14696
14698
14715
14777
14782
14858
14868
14896
14992
15003
15014
15021
15021
15051
15066
15093
15103
15107
15212
15245
15267
15281
15281
15358
15370
15420
15472
15528
15541
15643
15707
15754
15759
15845
15870
15890
15967
16183
16210
16249
16349
16373
16385
16394
16418
16540
16582
16596
16622
16636
16668
16695
16696
16707
16766
16768
16827
16848
16850
16921
16934
16937
16968
17000
17134
17186
17242
17252
17274
17320
17330
17408
17415
17437
17449
17465
17515
17517
17541
17571
17608
17614
17652
17671
17800
17840
17880
17932
17951
17978
18059
18060
18062
18120
18149
18225
18235
18246
18248
18288
18296
18310
18354
18400
18407
18424
18632
18632
18694
18704
18760
18784
18807
18883
18913
18923
18924
19031
19055
19154
19172
19217
19221
19258
19268
19270
19326
19362
19415
19473
19510
19511
19521
19547
19628
19632
19633
19638
19684
19687
19691
19699
19742
19757
19770
19791
19794
19831
19850
19868
19902
19921
19940
19975
19976
20039
20048
20055
20105
20126
20129
20134
20139
20146
20154
20196
20199
20211
20212
20229
20246
20373
20387
20391
20403
20435
20483
20514
20544
20557
20589
20612
20671
20794
20807
20809
20900
20912
20927
20937
20953
20966
21117
21163
21183
21188
21210
21216
21225
21225
21238
21270
21272
21410
21411
21450
21460
21472
21545
21578
21619
21657
21684
21724
21752
21753
21801
21814
21832
21893
21897
21917
21960
22005
22019
22030
22150
22162
22197
22216
22248
22299
22304
22443
22444
22453
22458
22514
22565
22658
22750
22766
22847
22874
22917
23003
23010
23062
23091
23109
23160
23256
23282
23283
23284
23303
23312
23325
23339
23344
23417
23420
23436
23448
23461
23514
23527
23535
23575
23579
23587
23600
23636
23648
23686
23692
23738
23813
23841
23882
23916
23945
23961
23975
24021
24026
24044
24057
24073
24101
24178
24187
24204
24254
24255
24280
24348
24391
24394
24437
24512
24531
24589
24652
24670
24671
24680
24712
24779
24810
24821
24855
24889
24918
24961
24981
25031
25088
25144
25160
25177
25200
25273
25304
25318
25325
25414
25520
25521
25603
25637
25675
25701
25708
25734
25762
25776
25776
25781
25834
25835
25860
25933
25943
25949
25988
26012
26098
26114
26145
26160
26224
26234
26243
26248
26307
26329
26433
26434
26454
26454
26464
26480
26485
26559
26579
26596
26615
26640
26682
26775
26835
26842
26848
26854
26882
26925
26936
26969
27011
27018
27056
27069
27091
27119
27141
27213
27232
27256
27289
27317
27349
27373
27379
27398
27426
27529
27546
27574
27595
27606
27668
27669
27711
27725
27735
27829
27914
27949
27951
27960
28002
28183
28231
28294
28307
28349
28421
28428
28501
28532
28541
28547
28590
28623
28695
28726
28726
28727
28794
28815
28860
28885
28932
28976
29094
29136
29143
29213
29265
29280
29334
29343
29352
29393
29403
29437
29448
29472
29501
29506
29523
29640
29649
29672
29709
29714
29715
29723
29727
29819
29870
29894
29898
29937
29947
29952
30029
30074
30086
30122
30156
30204
30230
30244
30250
30299
30322
30343
30378
30382
30475
30505
30552
30604
30610
30681
30697
30710
30748
30751
30761
30775
30786
30851
30886
30908
30930
31016
31066
31086
31118
31125
31127
31210
31211
31232
31243
31326
31338
31440
31554
31706
31808
31819
31830
31860
31952
31956
31973
32024
32069
32190
32214
32221
32257
32288
32377
32378
32382
32403
32464
32510
32524
32535
32545
32605
32611
32642
32655
32658
32665
32708
32709
32719
