100
22377
16734
29544
15036
1240
23794
11592
32390
8059
11325
28165
2998
30713
22494
11280
28168
24038
22696
1602
27905
20105
31570
2244
19771
227
19568
14636
15358
29420
162
11752
6415
23584
11532
13536
4813
10554
25606
19799
18553
25920
2580
30994
26326
13247
30488
10429
29426
16472
14278
18314
14147
18299
857
10779
1781
7283
14724
25762
19331
20643
31916
19527
4229
24591
15444
10186
457
1822
17369
21353
4004
9630
8543
23556
11658
21256
30987
21887
24285
2053
6259
28776
1539
306
24146
4825
10683
16160
19073
30880
9393
18336
18978
7838
29520
3133
5150
32109
5079
