10000
22455
12551
32300
2731
19413
19731
20755
27672
11121
27611
24615
4055
4990
26390
19604
18299
12310
6149
12772
2673
31934
9897
2151
24282
23018
22835
1753
17558
7108
30652
18239
22177
30249
6198
13074
5795
27124
26275
31391
5826
6016
15749
7086
30139
6760
8853
15202
24881
21137
31671
22368
4677
15979
4142
4659
30822
19059
10764
7920
1642
14845
27629
4117
21982
3376
12005
3511
5275
2130
31927
14045
28826
16454
31304
12839
30218
20562
22099
12723
5023
7462
4189
28224
14636
18714
11244
23956
17524
15800
9204
10268
12350
28282
12946
8659
14759
14548
16636
19044
28604
1397
5049
6291
24904
3787
1805
5337
23787
28869
28600
1870
30572
26076
29664
15565
19536
21844
28747
10066
11436
5823
15825
23974
12343
3780
27409
15935
23715
2334
15972
14689
22318
29671
5135
1674
21620
24599
27837
18701
14983
27464
16428
26621
10561
30396
26662
7500
23769
20384
14259
52
7861
11410
4749
3798
14463
9314
6356
31522
7547
533
15107
16118
15896
6704
18979
15242
14789
1331
22590
26635
25349
25443
32023
21382
18886
3532
21272
32264
16367
22663
16524
19716
3128
19001
24846
7924
16190
27868
9025
16963
24279
7106
28354
21355
23458
29398
26203
18011
1251
17190
6778
7963
28302
12446
16353
7602
32162
23830
16030
24904
3768
17552
11582
18056
27356
11962
3134
1352
32411
22971
21954
20844
1885
16939
13705
775
10998
11363
32033
2500
11639
21240
10327
12165
14666
24194
1522
28233
28030
2722
22689
23891
9823
7235
1073
31113
13386
3359
6915
19738
29887
4229
24510
14947
440
21850
3905
28180
27449
10591
1756
15502
12073
25009
6847
28304
25440
11414
12466
16659
17921
12406
29447
7282
10250
7208
12237
18126
26153
3184
14407
5553
25554
27333
21661
25329
15502
10583
8144
18648
8086
80
24563
27009
2464
4186
11929
17797
20729
3682
1418
26072
14292
23708
954
23789
30946
13512
32379
25377
546
18355
13041
4694
20987
30208
11206
1246
10888
1576
12064
23452
3891
31680
18640
28517
16517
29691
17613
12716
10812
11119
11744
95
30622
4380
9376
28940
16910
2730
8865
22344
3549
19954
32233
2641
2402
29632
16547
11762
16973
10199
10520
679
17720
6710
26074
258
23423
5530
25154
17485
23378
24388
14109
2161
15880
17404
5027
16151
28854
30294
12969
12
4865
8756
12311
22762
6192
22924
21147
16373
32390
15980
7583
11843
4302
3643
16249
9504
26167
29249
12258
8880
5218
14698
4778
18902
18362
24390
12970
16725
13828
1109
10489
3637
7990
15234
1123
28009
20621
20717
1302
28846
24026
28141
16543
25270
1309
15958
16917
13958
28756
31479
31380
1565
18837
32103
5613
25686
21851
16642
1948
1551
1822
29998
25595
1675
17446
1251
22965
19221
18592
14186
24444
18918
25330
20068
27135
14409
31052
17679
15894
25597
3455
5317
13120
15323
13075
8901
31312
19384
11155
15158
15459
12173
7468
15721
9749
16854
6007
23903
13045
2359
23186
7819
19766
10597
5237
27608
5543
23364
2179
28910
26597
12365
21856
6321
28366
9523
19715
21771
23866
18374
4876
5100
7910
29719
30039
1423
5553
27869
13009
6142
14091
21271
9354
19416
7594
16627
32012
18002
25470
3055
4588
17532
22504
29246
25502
21446
26151
14189
22413
29634
16403
29766
22635
1323
8461
7669
20678
10791
15670
2153
13277
31689
12511
26621
2225
14554
1089
5720
11103
20953
5998
7825
14508
30272
2696
21655
22498
1801
30257
31697
22235
4721
2114
16641
19547
15612
22720
2926
13475
15289
2828
26946
15426
17351
3929
6961
11567
4888
6243
859
12821
30325
6495
31604
25582
28866
24621
22050
21971
26500
8149
4006
4882
30880
32561
29119
17282
23909
32743
11979
27155
32461
20891
14384
29097
7936
25954
21498
31787
15386
21881
13766
10198
4142
30007
7902
16088
21131
7488
18853
1306
7742
2044
9270
6237
8664
21063
7752
5768
31857
29802
3669
32320
27628
18250
29179
32186
12413
27104
3490
9165
18793
6889
12127
10060
28429
23263
6424
14482
28194
27175
21993
4446
18495
30604
32455
14050
15775
4844
12899
8726
9253
14385
17489
16978
12189
1667
26474
3612
3909
30653
22383
5695
1164
11293
17903
20253
22297
7743
3690
1093
18959
21324
30134
10824
30352
23407
30882
713
12160
13960
28122
18132
21131
28965
32522
19313
10857
3502
15686
21624
18016
3551
21674
2470
27403
12411
9021
16881
91
14143
14107
6425
8411
18709
30676
896
11832
17547
32527
21563
3840
5763
25715
26985
31146
26924
199
29379
28887
16177
27735
1653
21719
20272
15514
30765
11887
13165
17683
9841
5849
16840
24437
12853
24845
8172
32522
21677
26687
26570
4949
18272
10153
28742
32247
29310
32650
3631
8143
21875
19311
24949
16741
23996
11697
662
23177
8185
13375
9306
32055
10052
15005
32192
26558
20162
11565
4152
545
22903
4526
7698
19134
15455
30978
25911
30253
20154
15924
29207
18027
21671
14009
7906
23864
6132
14326
4859
3517
821
5635
22186
29042
29459
32687
20241
17471
12775
23492
13921
19426
20872
2956
25677
20112
22368
13971
31423
23775
28358
943
19146
29411
5512
25406
1505
13463
30406
20143
3910
18815
26631
8516
452
7052
15494
28181
15777
32064
25293
30553
4815
31506
133
10977
23394
23572
141
18405
6727
5587
18249
4611
29234
14207
317
13701
2264
4172
16346
16611
10847
5399
22679
22408
16658
18765
14916
473
30042
12041
11419
15988
2537
636
11801
14517
18489
17554
25612
18559
4405
22738
20716
7993
26166
14983
17646
17942
32304
3357
15575
20890
15150
3021
8974
28250
5115
7293
9974
11011
17954
2529
7802
9117
25625
10471
9706
29201
5050
27986
29189
2025
4338
12708
2135
21848
18621
13890
20933
24954
8274
7123
15206
14300
15514
23785
22932
20287
24039
2787
16707
19865
9187
21010
2962
19805
19911
2330
14240
2044
19149
20379
24225
2476
12007
17
28209
21096
24497
30969
23783
2104
3492
310
3374
7858
19853
19378
21072
6081
26174
24136
19412
16805
9860
24546
2826
5691
22361
4574
14052
8063
7770
30903
8711
1359
25723
30689
1826
10354
5369
25844
24447
28376
18576
22029
2008
9507
12527
12145
10091
6503
22633
13428
3408
21294
2541
8090
30731
3264
30008
1531
31582
20897
25417
2540
30817
26202
3861
8411
23508
23932
30333
28795
5811
32227
14205
1826
1291
24120
19878
29551
14093
22969
17358
32559
20576
16957
11782
4481
29116
29554
32716
31801
24757
11114
4738
14467
25044
19542
28703
22217
30956
27537
13861
9686
939
20960
9427
21819
25200
20728
11931
5873
9052
4672
7126
1089
25516
17113
5815
18913
23366
16604
13181
24416
18065
11746
18669
19907
8842
2762
11520
18801
28437
16566
10713
9036
27536
15191
16121
21793
430
30827
694
11586
21123
12419
14313
23921
6619
32010
27624
28928
23504
8067
12468
28215
4252
19986
18291
9974
17067
10558
20256
31899
21237
16117
19329
6950
22410
16080
6233
28572
18542
17305
7392
23977
28328
22027
21360
30856
18838
3288
31105
17192
24195
28145
31703
15239
9851
29953
29434
13666
3678
25402
17383
18449
15668
15445
14597
21421
5312
5332
10074
24947
8280
5515
29695
25453
26100
22622
3537
5967
19844
588
12138
4255
4743
16045
32080
11800
29657
32695
21611
32337
5580
10311
23741
22426
19067
735
13389
10022
13403
10730
18020
15216
30483
17736
8956
3543
27278
16646
27254
20363
1102
24941
8587
15789
27395
22591
389
178
26716
16189
6319
6921
11549
7148
20234
11005
7026
20633
9025
988
2946
7835
13279
25177
15944
7640
26816
16431
29342
19851
20677
2823
20635
8772
1996
17052
7967
13616
14560
16925
30636
30874
4268
14547
27768
5554
13366
5635
21696
22413
4042
27670
13150
18286
4659
3831
27550
24132
10290
29117
14414
28531
3112
1930
6420
12503
15894
11186
10757
1030
14279
21792
6514
25814
12620
6390
12293
8480
2473
16500
7949
15811
10190
30235
2327
11499
26569
19986
30910
14739
26681
11720
14788
19528
19462
22235
18529
27952
17487
6457
19162
10060
30372
28805
18774
12538
4982
4284
6126
32190
12491
9752
9987
7489
15670
19508
11732
2970
7943
114
25423
22221
21439
5018
14632
15761
9159
24259
19753
11095
15969
16247
1225
13703
20958
7954
1791
32269
29714
2411
2136
7956
28421
5814
7496
1041
17899
11433
1725
21508
1622
23262
11514
20731
14763
22137
15523
20695
2770
22794
6676
13138
29746
26293
7927
31041
2525
16272
22038
24855
13319
76
10605
11435
28093
13848
13956
29755
23508
27074
15612
10928
20511
26143
23399
14115
3301
15790
3677
18337
23697
21368
9676
16683
20908
27450
9359
28929
17161
1222
15938
25377
22591
1703
26453
522
14940
31748
11104
25541
15576
27079
15798
26662
4808
32509
30781
3152
25684
9344
15485
6007
22635
12244
27382
1258
26294
15696
25783
20304
1482
30078
19244
305
2465
16836
29240
11961
17995
13379
14467
15545
19169
9983
14870
6383
18619
22080
4389
18311
31458
31289
6443
27105
8648
9192
26685
8853
26423
24893
29335
31413
16008
27774
3196
11346
5397
27370
15933
30273
26353
32413
7831
23838
3030
12211
10049
32146
20574
28848
14278
21458
12150
16928
14993
7272
16400
14714
8262
12854
11033
28490
9561
3512
15787
6287
5593
18825
27523
20322
908
20521
21941
20185
8769
5885
10654
9771
15970
2711
27675
10005
457
4152
1272
4988
31444
16531
7852
20051
6588
16340
11843
5055
6178
22241
14235
31865
32491
12768
8659
20597
15950
26617
12289
27841
3115
12381
29219
16559
31903
26759
16985
9782
2261
20418
8785
6550
30751
7147
3330
5179
24389
19320
4253
3812
10781
22713
17600
28420
25435
12894
28909
25448
11947
7482
30524
29723
10493
25414
22348
18823
8992
29673
23935
28380
27283
22902
21095
5046
5272
10231
15995
4346
32649
18729
5647
13568
32367
18887
24963
6904
25297
3083
13754
4486
22730
883
4301
21680
18782
24001
28417
7930
14094
15685
11255
21967
18602
26718
1059
21795
30311
4671
19071
7767
3378
8431
9857
28253
31811
5267
28234
32540
8436
29680
28960
30742
1236
25132
17950
21064
16887
16852
29482
13137
401
2340
40
983
18627
11138
19053
17703
1973
15435
11383
27163
7909
11986
19931
14145
20159
22438
12158
28217
17773
4884
18440
18527
16112
13549
17558
1195
27504
9610
16816
3285
4048
20492
4218
30140
5254
17896
23598
24328
30378
15268
17353
30222
20300
17115
15365
8181
25867
25991
19848
3863
31715
1664
859
18346
22343
11071
7581
22432
8816
4840
23673
17867
13044
16008
30549
31813
22938
20122
5196
12815
13677
22993
21471
6136
15631
8465
17639
19649
29264
17598
21710
23678
29695
24378
4095
20287
25089
10409
18075
2800
18335
2040
26990
3198
36
13597
13089
15420
18856
20640
29105
24964
31271
5210
1056
31137
2774
381
24682
30188
28086
12244
13754
9526
24937
8780
32478
19558
14149
17588
6392
12899
16295
30401
12919
9013
20617
18517
9798
11879
6743
19200
5955
9391
16127
7368
24563
6353
24392
4133
10868
26560
4708
5456
17587
3078
31688
18621
1247
16487
29499
19174
21021
13761
29485
17739
9597
24631
16715
16567
5932
8078
1360
12484
19436
18135
16926
22689
22210
18255
25869
27923
25326
643
24451
6074
14880
1976
32453
16278
31465
16521
30220
15050
4976
20690
20188
19871
21606
11725
13201
6859
12348
12411
18491
26868
31379
10054
1451
24944
15348
10980
19150
11343
28097
14974
6202
3483
12907
25362
10759
26590
24038
30230
25568
18405
25178
4958
17241
24004
29980
2623
19587
1818
32732
22005
9407
20118
12832
14658
20431
1210
18161
15704
17203
21983
21203
6137
17330
378
11771
15581
16695
5789
20157
7764
9438
22977
10308
24876
17743
14274
24965
2005
30027
27179
30837
22723
24708
12468
9594
1044
10930
17417
4896
19571
1251
26061
15886
14140
11538
12767
4408
2016
3068
5340
4694
2700
25903
3045
12948
29189
19812
4514
6027
19671
23310
23686
28784
21934
17715
21077
11147
8964
25723
21732
8171
31228
19079
19489
32601
18574
25475
4434
9354
2789
22015
8098
4505
8197
5370
11737
12980
20913
22592
5483
14613
5004
28407
10932
8755
15742
8308
27266
16186
17753
3923
8404
20665
15293
21190
27873
2715
4153
14893
18012
5209
24754
28391
26615
22894
22537
26728
17190
15882
24568
26252
24869
3082
10813
26155
21820
11304
21755
17390
9282
32623
11869
353
17760
27891
23420
24649
8215
30654
26243
18487
11140
28941
30737
10845
4835
6845
16350
22433
851
19968
20642
31984
1752
31316
29490
14805
4262
4278
13548
1354
7837
12050
13654
21710
5136
8191
30466
14775
12746
681
14261
26826
20307
12046
5063
24585
14703
10862
30925
7884
23016
16380
11126
9235
3213
4570
25779
10011
17787
13892
18971
15919
27803
13580
17805
26561
4716
31046
23
10681
25091
2884
1046
15117
29776
9925
19103
27538
26786
361
14366
15890
26221
21864
19517
26782
27724
1156
2312
12069
4162
26428
21838
19526
5445
7235
24138
23651
31229
27696
15490
32503
25801
5495
24560
8745
4355
5272
1888
11425
8581
15510
18201
31130
31851
13227
25279
23352
5147
10298
32376
5916
16771
20997
27470
4407
5026
5024
4821
6363
14410
20518
17933
3096
25124
18730
29577
17733
20468
6384
2257
1757
22814
7389
774
22925
9066
25645
29380
4234
26116
30436
30540
26664
24007
2311
29923
29353
22202
28171
2677
18258
28379
24718
2686
10181
30236
29253
31531
3978
4012
14390
25020
25071
30839
1831
23852
10770
5872
21590
21524
8508
14350
3690
14797
28528
7572
682
11988
23108
16790
8813
115
22000
29497
15569
19358
11429
12474
176
18204
12320
25266
23248
30951
10622
23704
1114
23252
31570
18055
21902
12918
10741
21569
12468
8256
15901
28021
6486
10731
13745
11069
19372
17431
30428
20203
26712
7989
31073
5637
2132
15268
6702
3982
19752
2330
19763
22151
16736
5446
8564
21942
7485
3508
19293
30886
17323
6384
10582
28143
2931
19182
30360
24247
10418
14505
8255
16249
19082
28427
28832
7686
16663
20749
1244
4297
16292
8479
16566
11086
3871
14794
13473
7174
17611
14740
10781
22340
20789
9764
19012
29580
31593
19110
4768
6925
7269
21873
3136
13932
11982
30951
30987
13507
1762
5021
27476
5354
18094
9149
31662
5109
25217
2472
4353
9469
18848
24031
28381
5668
1851
24099
32271
1747
28576
13787
882
4934
11695
9655
14600
22859
17550
20115
32073
14918
22942
9118
3259
32377
23213
18363
31171
15746
21613
23079
22203
12325
3364
30300
17988
20300
14246
27446
26078
25676
21121
27989
18102
28266
1911
18626
26814
414
7985
21973
27651
663
23857
13654
27708
25598
22537
6114
15006
18687
8650
5264
27128
12550
21696
21205
24827
4294
22620
2981
26329
31872
29298
9691
24083
18306
30885
29147
8587
15598
13855
18550
14305
21948
22917
4366
20732
4098
32553
29434
16871
19315
11138
13867
29407
20262
18906
5904
29610
23706
839
4536
10794
29686
476
26679
20273
11669
29728
26698
11671
19649
25791
13374
22410
28607
14976
4877
17958
269
29815
3019
5957
19943
30332
20544
23961
26127
31196
15063
14072
10446
30286
25527
7414
9014
5928
4399
9145
9131
4306
1879
6921
9890
27259
31476
17831
167
4108
11165
6880
27045
16474
26908
18017
19810
11168
2071
23117
1353
22060
2544
26509
24428
4952
31721
28776
5833
11452
20876
26963
8396
2466
15946
15370
29718
27322
21090
223
11389
3600
24324
25170
12372
20282
26038
24291
15084
6102
5880
23844
28762
13364
9251
17938
24187
24655
26775
6565
3894
8450
11797
12710
4097
15736
4202
9921
4775
27877
17486
3035
2888
3187
17803
29606
28577
29056
12386
29810
31629
11270
18986
7750
7884
19802
32058
5935
30724
1818
19465
20952
261
13920
32660
4699
20561
12092
5376
13655
5084
23650
11905
27971
10512
1823
2938
27137
30228
23442
19430
7862
26702
32024
758
6618
15399
16136
23803
9099
29198
21921
23687
5671
5311
4928
29391
9497
13509
1494
30548
1523
15677
2202
17091
12222
1502
7675
28953
9357
17974
9689
3850
31065
20022
17396
13988
4104
10225
2725
24368
14287
1697
15820
25689
10170
9963
16905
2192
1929
1124
3119
30382
31422
2131
9461
1755
25076
5561
5359
19119
18034
5774
19645
9368
9216
28238
23939
28284
1274
30132
5529
29599
9378
25541
21891
16838
3002
18449
12579
5533
23379
31286
12589
26198
14816
8869
18652
21651
5774
16553
21475
134
14040
20901
12455
2902
16981
32157
19115
18373
16597
27895
10571
24081
16045
11139
22190
26391
2895
15546
13046
17086
17950
17731
1977
11667
11648
28092
28597
22961
25652
25270
26303
3812
8422
5633
5629
5646
31744
9515
12373
29641
20420
2371
29477
13901
24216
29666
7989
23189
13216
32109
32234
3261
29074
2196
18108
18351
966
32542
30953
6142
25997
19433
32107
1554
29636
13868
9512
27526
31913
512
22378
14286
493
31263
1166
26653
24842
18155
12544
13957
21974
14002
11367
17505
2904
23344
18716
17392
11995
8277
10209
25922
14658
16457
27600
2648
25243
14510
27281
1671
29687
9509
11472
27933
27512
8979
21230
13127
9899
8869
12791
10546
1816
18705
15573
3697
17688
18463
3523
17823
25831
20201
9220
27461
506
30686
10708
21501
25747
22541
22175
13784
5522
5025
16753
254
25742
7079
14254
11156
5156
31000
27651
29923
8335
18707
4508
25526
21625
20074
14231
1027
8209
15456
30905
10190
26206
7857
21344
12107
13523
723
15801
7235
6435
18044
18995
29880
2391
12132
28724
14540
4637
12364
19722
28639
16227
32575
28964
4344
29476
24856
3458
19046
7810
20036
5482
27815
4374
21705
10333
31880
21124
23431
22601
12430
14930
10942
8192
23957
14842
24017
7657
5815
3389
8778
26357
1135
17595
26653
1493
14078
24257
26417
31339
30734
25186
7708
19838
24470
12489
11823
3249
12285
205
14514
17078
15746
14534
8560
16319
25819
6815
23159
17973
21788
30253
7449
28589
12507
21951
13366
24088
19090
22775
15294
3385
68
12760
31089
22621
31332
30751
13033
2118
20978
18135
9435
32104
25063
22568
32666
19032
18387
4976
3292
21121
22469
16789
25281
16665
1899
23449
18449
27731
5242
10094
11717
30934
27216
5900
25034
20847
2777
7618
24321
18178
32431
28617
24202
27847
4229
24607
3650
1202
22469
20626
4234
4147
22136
26651
10571
22816
11879
878
15415
1776
12671
5071
81
5161
20858
24615
3247
14363
12988
23639
8830
6351
26235
2764
22600
22843
4131
7252
2674
22455
31225
16944
13577
12469
23806
26218
6846
22956
24598
15977
23854
26709
4713
27586
27239
23066
25866
8017
25512
28620
26583
29321
24937
29076
19872
27400
14491
28460
31627
23662
9521
20558
10166
7280
32223
18797
19231
15656
21794
2212
27329
16815
11136
12012
31744
238
5905
27025
26695
10929
1086
16359
29680
8957
29641
26937
3172
10148
23054
16130
16771
29718
904
8031
28230
22394
8854
21445
21666
28926
27263
20463
12464
1643
23476
23835
1804
10492
9558
1398
12923
7280
16376
21461
29904
13406
9638
15269
3856
7113
19238
15653
9428
15092
15997
6611
28399
12151
3766
11555
337
2707
24798
15735
10283
18883
22099
22860
8276
15763
10303
5297
12012
21173
7263
15102
23615
29010
14089
18626
21995
26270
20077
16893
15430
3247
25371
14480
24314
9359
25029
5873
11506
5776
12870
803
23418
3295
14308
28134
2209
7260
9938
8747
23778
28585
21241
26826
28676
10369
23545
5239
30015
27468
23146
2547
29344
18672
29287
6271
1967
31465
28493
13974
1870
9628
19648
30427
26852
5352
20719
18769
21691
9983
7193
23754
20391
22900
20817
13474
18921
11413
15486
18092
5458
20730
6565
13677
1708
21342
24939
31368
18005
15022
16085
5498
5165
19552
4691
4743
690
27398
9725
32244
28010
17187
30492
6007
11906
14909
14572
23020
22452
21555
29856
11081
29294
721
27303
18644
2864
5026
6446
17300
3125
12293
3046
8453
11095
9091
22791
29712
28461
23648
28565
569
3958
23152
6882
18715
13498
44
24404
30737
23342
31237
5224
12855
23769
12281
24567
11409
26357
30051
30392
31881
24216
27415
17927
10911
30867
18350
27364
23900
2202
31263
6719
12423
19366
23184
24179
3228
12696
23915
19984
4730
27167
31923
8157
28508
14555
19353
16413
11530
21699
26698
19218
21073
22212
16396
4288
26544
31658
22921
1523
13396
15684
6506
18051
18247
1731
13608
3287
8420
2148
18463
17064
4238
28239
16101
3847
6817
32446
3289
1442
31401
25441
24575
23363
5586
8706
18187
17305
29088
2149
32187
23611
736
3954
21354
18666
26847
31125
24547
25878
26841
12390
31347
11940
15796
9605
10050
19951
4078
15048
28386
24333
10709
30105
21545
24659
15350
409
23612
27163
17879
18058
23789
5060
30441
5483
1351
10747
7096
12516
21606
6713
27493
13541
29325
14221
18774
8587
8306
15516
20268
3395
12508
12006
13045
16945
16496
1867
23971
19155
8136
17357
17854
12769
9158
18071
25173
31096
20520
9791
19002
3448
4188
21320
21359
13611
29333
14059
18139
18471
6430
12054
31809
10869
21999
2998
29299
21490
9342
28978
14275
26358
30167
17463
14011
6708
751
699
15118
31201
6453
11836
17101
17433
5483
11081
28638
25726
180
14916
11691
21282
1006
28006
24343
23207
9537
16387
10422
2468
1016
13072
11069
21323
1680
4834
16951
9033
12047
19000
6906
26862
2456
26236
14298
23950
26939
12614
13212
2599
26385
802
22830
20547
22409
13203
25493
31264
10749
19032
31270
5647
26249
21997
15609
8474
15900
2901
30107
17641
24783
4887
16387
11495
3702
10119
16327
13984
5493
26694
13712
365
13270
1804
2252
8532
3736
12709
6562
31018
13129
23866
28459
32762
22487
22226
5599
30123
19619
15640
16973
19164
21719
18271
3088
16403
22778
32227
21758
23
10177
18258
12450
14746
14632
28555
24557
31771
10178
2981
13608
23563
21581
24371
29741
8751
26506
9926
727
2629
9804
27572
32183
21738
19406
17688
1288
12475
24137
10778
21989
16059
12742
14705
954
13813
3377
6694
26105
27234
9648
22938
3598
15116
25651
27338
22932
11124
10571
10962
29897
11313
831
3760
24895
22235
2653
24139
21717
8487
22414
8372
1254
19283
18733
7595
12736
3525
2585
6245
1624
18927
3849
10124
8252
17013
32288
20104
21448
7826
13506
15357
157
15544
24485
20884
2639
6262
22827
22783
18782
18335
16879
2615
2152
21161
1949
18184
24988
27731
19976
12240
4210
19594
28278
30084
2969
12942
318
3315
31537
21073
9622
10063
24379
12576
31654
5097
31310
13700
1249
28476
21643
28267
24212
17197
27347
21891
2751
31889
24119
4327
15141
23024
14255
30717
21151
14216
5135
24478
4277
23701
19512
29048
7023
11728
28043
4785
23401
26934
5796
7629
24102
20234
3140
29650
12966
23581
6798
10410
29755
31053
5751
20168
30616
17484
4984
9743
20011
21923
8581
12783
5037
10230
10051
31441
14839
1161
11382
32437
18199
6403
10424
5401
14755
6770
10865
18973
1869
6544
27139
29926
27064
27717
7493
3392
28042
20588
7987
1159
30659
11226
16356
9671
13645
3484
20668
16674
10451
21633
16610
9842
19159
7897
24052
13104
28671
26491
3322
30613
27056
29709
3993
14078
5342
30847
10634
18325
19235
5081
14922
5422
27150
2615
7954
19311
25789
24593
28937
27444
5038
15040
29625
20273
14034
10814
18367
25562
24035
16430
13767
5759
11000
6172
9656
16316
9047
13573
5676
3344
650
22554
10275
11724
17333
13505
4856
18223
21798
9693
5268
29647
10798
18511
12769
21050
7983
7869
23425
26334
25591
8849
19137
21798
24652
26181
10952
13286
18120
11487
25109
249
18920
6839
4136
30761
10079
25472
4990
20814
32176
6534
11203
10682
8187
565
3140
7381
23575
5083
29347
20485
26338
175
5582
30161
25301
29457
305
3141
13532
24339
12331
23192
7012
3385
32191
29196
15285
17021
15501
13846
6530
10646
2816
12223
11454
24954
14280
12362
2482
21794
19083
1815
20301
16525
1239
20167
20411
1799
28508
5537
10041
16043
18264
25908
13607
5415
24658
27966
11102
29119
19979
21965
10181
30869
27314
31908
3103
21287
3415
8672
2087
25113
1186
18396
2527
15413
10693
19025
2085
7856
8111
28866
23431
12974
4738
23
6488
19465
2888
3976
9475
1358
11234
9404
27552
23817
26432
23346
32197
14403
2520
6881
31647
28232
9808
8731
1857
16814
14974
26295
12603
27282
8339
4719
4975
5669
8339
7815
3616
32616
13833
21168
23372
1331
24056
11051
27708
24956
276
27185
17753
26070
20018
22675
19521
24888
6398
31134
15386
4864
4332
13889
13351
20279
25713
17266
5272
14359
9330
18381
7591
12490
31741
1150
1248
28021
4151
1378
29888
17525
7317
7273
10882
9449
8015
11327
9782
22128
10770
1579
8467
26164
10998
24375
15886
25895
16815
8337
10412
23436
29959
5937
5652
5562
23692
18108
23656
11804
4741
25512
5205
30845
555
14498
30953
12930
26134
31532
31141
7544
2806
21387
13012
25936
10883
7136
16411
30952
29367
6805
7504
14221
3386
15354
2447
6077
15134
3888
8331
11057
22732
2631
7715
9243
24126
22947
54
16300
12143
16036
31415
14809
20752
16774
29188
11871
21885
14981
28531
2820
5615
30277
17454
30496
3059
31090
20034
21597
24347
10147
5106
15547
31475
20869
10577
8663
16694
28213
5136
29036
11330
1005
8596
25370
30154
995
25419
21350
5579
7534
17729
20483
11713
19563
29422
14672
13338
9951
32339
7457
29675
11742
32069
11970
13538
9643
4360
57
8060
14624
3103
24780
12663
27728
10851
1219
22155
8812
3923
23151
31061
15075
32427
12395
8340
2509
824
4386
27799
12170
30698
30609
2294
5030
10027
16719
26241
1792
29807
458
20854
20780
17420
6867
14327
11541
5453
15965
13498
30951
705
15745
12803
7468
7385
18630
14543
28469
21170
1440
16466
4795
23856
7478
4516
7878
24652
10344
5048
2510
13999
7441
5005
8480
7039
8329
23720
3972
9849
25455
13761
14109
20032
27301
5565
25232
25844
27035
9436
4457
17159
4561
24116
25530
5196
31639
25950
26884
31569
3096
25711
22107
32495
31894
1577
26566
30239
26359
24691
28901
26127
31617
25351
24790
1654
17378
7787
15704
24612
6003
30498
22833
14813
9405
6435
18894
18279
13373
16266
24618
20194
2148
9358
10481
14424
32482
11699
14308
15253
22308
10304
17023
8249
16923
10740
19929
17419
8000
27125
29645
23440
2773
9737
855
8413
8557
26632
64
25769
7342
16274
17918
13734
11606
17405
20950
4626
13948
29329
30787
22408
19993
15608
2459
25885
9926
23536
10736
9128
18119
14915
24628
26721
12361
3065
8353
26030
24296
26060
22104
7737
15988
26844
12361
3654
32501
22180
13650
32580
27116
8493
25515
14753
7388
19329
24449
2275
19721
11875
29921
17909
30848
30013
28888
23486
10327
26458
5593
31224
10294
20821
12126
27200
22295
8914
2258
15209
30025
5227
19375
14102
5051
27118
2276
21896
2167
9413
29049
9140
3181
15029
629
20377
26226
9420
10240
20176
18312
23188
7109
21349
15456
3469
666
741
22557
14554
3427
9144
31835
22843
8499
13489
25200
24891
19125
8932
18929
15787
203
4536
28793
32334
31348
26941
13989
30422
7155
7871
5731
27663
16174
27547
20077
8539
23380
26193
26384
23134
20418
12763
29746
9466
22056
14141
14483
32638
24551
7518
3667
12058
25278
29462
14517
23191
22694
16264
802
15684
30458
27826
20849
1588
24795
16450
1381
14246
22739
22187
23927
6853
13752
21625
12502
7058
7892
16865
11437
8478
21314
17565
30372
13820
155
11255
22697
5366
27859
803
23024
28159
30557
7633
26936
30569
13718
21251
31825
8024
11872
23068
18651
29047
30989
32314
31312
1257
17280
7110
2373
1667
910
7242
6124
13112
22442
25730
30686
22228
23234
26805
15639
8942
28516
23365
578
29207
17957
10630
16952
19288
9027
15052
27331
14812
10121
9672
3239
19689
8307
20500
19683
21525
9107
11276
31540
11190
31027
2272
29147
11674
6716
10471
8864
6648
17751
4662
29975
3239
28497
19826
23074
21134
4804
1762
14519
13148
8948
17864
6115
889
9719
11762
10767
4668
14873
32652
7555
18526
2686
18744
22056
2734
30473
97
29842
13575
29565
29643
20029
16767
25058
19567
15127
28642
27691
4231
23615
351
8469
23781
16397
23680
22610
18568
1874
11616
8679
9841
28641
22040
17619
6579
26702
17274
4337
12234
4341
31234
2079
29997
20030
28425
8864
14375
20512
572
12991
28130
13028
11085
11189
28101
7468
12264
20429
30463
32563
30185
2502
13412
22358
17868
30073
12921
8148
4452
23484
31690
18898
4816
9605
20356
27042
22444
2643
9791
30788
3204
32201
31004
20013
7310
8348
32528
15176
31128
14512
21631
24635
8255
29822
16653
11499
11362
32185
4017
10306
4566
7985
11531
25904
19803
503
32759
18671
8655
17858
12386
1676
13730
30865
20572
29603
9354
12690
7023
6762
22904
21315
16431
11504
17610
14551
26643
15783
17090
21211
29059
24865
17975
30489
4146
7447
7050
26557
18350
18607
22492
21942
29750
16894
18558
25183
21963
7372
30377
25695
20873
11928
4976
29646
23864
7132
24562
409
18719
19091
26068
32295
23576
24055
5103
21308
30186
8079
4933
13598
11218
31081
26682
3831
4963
26021
13313
3707
12177
30515
10836
4810
13320
24540
3944
664
4802
6023
21024
19851
2008
2229
5761
7396
6040
26191
17510
30562
13017
3745
28276
23651
30091
8102
9553
6733
13202
8326
2833
25644
18389
25693
15089
27293
22929
2622
22856
31722
3060
15992
24506
28534
19431
8471
31151
24668
12331
30126
1283
31571
8103
84
2816
25557
12800
13293
17801
29824
32363
5547
1175
24252
19647
31188
2026
28062
23759
32197
8440
28684
14326
25399
12586
3618
16627
12481
22599
3541
30199
15262
26416
19158
6397
32433
27343
26041
12890
25286
25418
28247
8597
23579
31612
3441
12408
287
21669
29078
23655
32377
14944
838
18929
3148
21206
9303
5797
18617
7986
32408
32039
7078
24661
9653
32643
1982
13258
4186
3008
3257
31996
11419
20153
32478
28326
5012
10536
30662
18572
8268
31492
17506
7529
28128
14605
29760
13608
221
165
28169
24406
8173
7649
11599
18904
8118
14304
3461
12249
9727
5979
17999
29959
10260
15230
31997
255
10348
12534
3921
28421
30602
24396
31625
26105
31777
16497
2457
11398
18043
13978
6585
19869
29467
29773
15391
24866
8354
10940
30222
19685
31983
29267
22543
4563
11658
8589
18815
31086
5955
1547
11593
14202
18710
13287
17397
21497
3666
24390
28386
29018
27643
29740
14543
17134
3436
24725
18336
18331
25664
17601
7007
7380
32627
32207
16002
32200
24005
16013
19308
17114
16223
10895
27446
30034
15033
10110
12718
19282
6331
22707
31392
8203
15395
30980
11349
15408
6182
1758
858
683
31322
30357
19330
21904
11219
24311
10798
18255
11660
21543
24012
27693
5129
25769
5790
24565
17979
27833
19645
21482
9124
13281
14173
14593
21948
2250
18770
23117
20626
20307
22228
31675
18102
13536
18559
20735
5207
32500
32669
24782
26025
10243
20392
10318
7305
16001
12555
4811
14692
14911
4393
6571
19285
15351
25504
8356
11149
27430
22735
25132
2040
26137
23958
49
286
30795
18524
3339
24391
2798
22359
8367
8930
968
25607
20005
29735
1600
28676
3388
13820
19129
28410
27772
16405
30
29170
8028
1120
27582
6099
15541
9120
15195
26408
16759
13655
15741
29987
11163
18154
29708
32226
16728
22016
13598
20978
22682
18987
19982
15634
12976
12746
23758
19001
16452
17966
21374
2266
24977
31483
23101
14182
30416
7377
831
30483
21747
17196
1311
27868
29334
6537
28535
29640
24883
17355
3503
17520
26261
25052
27666
13755
19087
30359
13095
31469
11501
13798
19774
736
30635
32295
2633
23696
16741
213
13805
17630
13327
24164
21465
16781
19430
14700
30295
28049
678
1290
25376
23177
15102
4740
31349
11146
65
8747
5227
19742
28254
31622
18567
28300
22034
20652
21386
8282
29020
28914
3982
15377
15410
3782
12882
31040
17778
7387
17875
21443
3099
1671
3868
10053
15549
18281
22366
9220
25390
9806
19267
212
25727
5973
25728
3687
21806
2386
4522
4043
32669
8817
4170
31796
11971
12316
11571
3580
4386
19998
24339
17128
18425
2312
28489
12717
30394
32723
9462
22707
26302
18632
9815
18968
4920
7581
1106
22776
12648
4833
9294
11244
2321
24218
31816
22736
12588
29228
21795
28106
1246
27516
1856
2951
25768
8534
25935
29896
6110
20236
18789
14110
25178
9056
30798
20721
8817
13988
20260
30919
2854
11296
28448
27075
20126
692
23473
22892
19668
22719
16075
31409
6798
10047
18306
12841
29840
14393
22231
24479
29455
23643
28370
24781
4456
9184
6097
12648
24082
7860
12319
19549
26321
26584
22984
12891
13613
9
31404
14737
28451
15260
723
2745
28698
18349
27904
28501
28185
2680
11657
21816
32566
25351
869
11081
4946
3086
24455
31620
13827
9747
22122
26177
11474
11473
20462
25273
17831
23519
26978
26822
27009
18061
15842
26602
18282
9999
2275
12179
11179
10461
22284
11421
22332
12889
14664
8217
27518
29106
11801
13133
15916
12553
13615
3323
10639
13779
16697
19431
11506
12159
31739
2707
29014
31064
4256
20557
1639
13228
28754
4971
27566
30766
17673
12502
14855
11673
1696
31941
342
16022
26158
20683
11894
14304
915
15124
3442
4518
8529
13036
15352
10289
19102
30336
8202
10182
8119
30185
14071
28622
15478
28518
20618
12596
27943
8425
2689
19471
9624
13014
8256
12417
28271
16391
25287
18142
15552
7955
27874
8977
26591
20688
26527
1852
12659
14358
29445
31135
5068
32454
1795
29115
19063
19467
24743
24759
18703
12256
20369
6402
5205
26579
30630
22842
12675
24840
23305
32333
8158
7040
16455
8414
4235
21147
18641
8682
20643
3804
19376
27307
6538
1261
18548
25532
15228
26083
1645
26495
22120
1218
13342
13244
5378
30020
6895
7818
7700
2006
15138
4723
12308
18148
25608
5587
6908
22870
7285
24961
3158
28251
28529
19121
24982
5733
28976
1049
29869
11637
4165
31315
5851
15000
1810
20355
11717
26801
387
14905
9927
31866
19196
19353
13451
27590
6287
24761
2779
31241
17267
17226
3251
32281
1969
15739
8347
13622
6945
9498
7987
18249
12437
8700
4112
24681
15188
13216
10438
931
1738
14863
16966
31483
30333
1542
14443
2222
579
13399
26575
15802
17075
22669
15843
6560
8665
15055
3903
22377
1070
11527
10294
3047
32198
15171
19374
31037
26572
15195
5166
15266
27180
32724
27449
13153
19855
12804
2779
20516
10636
6007
15745
8563
17180
18066
20494
20600
12111
3702
27178
26373
3646
5671
16605
2008
29249
30446
22366
31773
18274
22011
16933
14900
20241
16719
8263
18869
1049
21465
16131
10417
31442
25823
7064
5691
4504
18080
14170
26151
1405
22584
29189
16914
16187
28355
24145
31651
27757
22981
17607
21519
14590
1738
18642
23779
15585
2121
25625
22014
29186
974
11276
11484
18045
19288
5565
283
7951
9728
11250
21047
24009
3036
27512
15001
16652
22819
14778
23504
11953
15506
10642
24606
16264
25870
606
13622
7940
12938
15703
25668
4916
28203
27934
11054
16629
19882
17304
15129
103
17915
10748
16432
21917
28972
7978
5792
24985
2959
20543
20711
24439
19483
8038
29519
488
7184
3313
2229
17634
29146
13992
29839
1942
21304
24928
9774
675
17053
16592
4416
28297
7127
29089
3992
28256
9198
22980
4146
4810
20559
25352
14193
2342
2345
17388
21676
19206
27416
19121
20713
25059
19457
24244
31464
4880
1853
11259
21604
2029
21753
11534
17557
18013
12508
1800
21497
3450
5099
27629
21844
27271
1450
30526
8182
6693
18564
14539
16188
2506
9581
25033
15193
3440
6854
18468
24406
7562
29313
13335
8280
12604
901
11257
2594
2251
8788
12890
21722
31827
1259
10830
2064
8888
7658
22025
20220
25822
13044
9132
25095
20765
12889
15455
10638
17135
3058
2464
32226
13036
4429
9434
10387
17145
8458
25914
2798
23228
8581
32702
3524
26707
3766
28047
15981
6469
8021
3216
15629
8120
17729
11831
24598
22501
3362
2204
12558
25034
8525
15823
9875
798
29673
28015
16284
25994
21584
1144
25601
1302
29624
16221
11838
25314
7443
4695
628
20502
9268
27644
5808
25883
20530
1555
20592
30988
17681
14503
7011
11623
12447
858
7537
25097
16029
16636
27643
9561
6175
14684
9828
29891
29238
1374
6608
24936
28619
31054
21035
27923
23246
2420
15470
13167
30865
23785
15901
13176
32110
681
26132
19760
25520
31976
6788
18323
10673
5802
26681
29388
15167
14222
22302
15017
2628
10730
26626
15693
6822
1821
8092
14885
1389
15905
17101
27933
14116
26720
10278
10771
28033
24777
17066
19595
14408
20770
18901
20389
364
10656
8925
8781
24695
14005
28471
2994
15661
18729
25693
13305
1388
9324
20687
9522
31319
10027
29271
22667
22708
25121
402
9155
24721
4400
5804
6882
46
10928
19307
14888
9751
30983
15983
27715
32401
29305
23480
16581
8247
17218
3688
26324
27621
15842
16330
16419
9173
9657
18324
8226
32264
2003
12649
2930
13800
5637
31650
2972
24875
14393
13134
27394
3066
18438
4471
27926
24659
10884
32168
22217
23724
15454
6571
23367
24025
17448
14999
16609
47
24307
29451
21066
7146
6943
4788
28679
24780
13681
16149
22049
21767
11365
2439
27165
15197
7622
9854
9517
9350
8827
10767
28328
12242
7332
28079
31416
16143
11238
830
339
8621
15362
22852
24940
31520
25005
29818
1130
26758
31132
25228
5593
10634
15838
18973
25439
20616
17774
15371
30962
15858
8713
10741
19785
27378
4157
9723
4752
18256
28099
20421
32608
11927
27150
4807
9198
14451
9508
6595
8067
26718
12461
7055
18988
123
10057
25880
9906
31682
20007
17575
12492
29534
29908
14947
23444
29523
1872
4632
21560
612
1639
18998
23794
24884
23102
27677
21562
17579
13101
14743
15418
3995
27852
21414
22146
20388
10065
16001
10237
341
2841
26329
31011
24467
27268
3168
9841
16959
13830
13708
21782
20499
30331
4248
24560
1997
16827
26061
4278
25744
23919
32511
31095
8583
1059
10330
579
24779
156
11871
32552
14727
4971
32041
25184
29018
22210
17653
24264
25852
5255
18401
3732
25637
17063
13556
29249
1194
6573
13407
23500
12521
31123
2306
6690
30056
4311
27442
30935
20921
31186
186
26650
4257
16966
5663
24809
27513
4406
32041
22913
31955
24314
13470
24089
18017
29586
15697
8655
19987
7995
16475
7139
5760
24896
27305
1315
30343
28947
8631
18854
5174
23964
30106
17085
1770
14033
29764
19751
25784
30087
16900
3972
16140
5511
6988
1292
21136
5605
9143
8321
28240
21389
9802
7010
22043
29215
11003
17762
9260
18173
1391
26649
28170
31394
16648
4856
12460
21557
3615
25474
18401
25437
5262
7609
29935
31832
20338
10455
14458
14919
22063
17471
936
31692
14004
2227
1155
3543
17664
2503
4511
30909
996
11158
30972
9099
2827
179
13869
16793
3641
17507
21434
15970
27088
17673
31684
7058
22680
21217
31719
30049
14015
1777
16485
8480
30239
30269
2688
6673
10176
9531
26151
12412
16030
20358
8917
12031
28588
22486
21431
27174
21272
29744
6925
28220
10961
27226
17618
16224
29255
28818
29855
24539
7026
1663
27341
4272
7445
23144
9434
117
13892
3748
23821
23650
2852
29522
11613
30632
32498
2122
22928
32003
28486
23379
1184
24211
13465
5782
21858
30696
3077
21330
20073
5724
20045
1234
23849
23461
6173
3996
25688
11946
18323
24812
17818
11926
29437
6752
11868
23595
15589
9717
11264
27994
10571
17970
19259
32528
22577
30371
18108
6482
18781
12425
2319
14732
3418
26576
1472
22310
1984
21569
11715
5721
9909
23289
787
7489
13236
11290
3994
16179
8589
26816
17233
29264
31661
25911
32168
17242
23200
23403
17960
15303
468
8607
30807
28180
2720
14690
26332
7260
16516
19135
14819
11561
4787
24501
3267
25226
16078
29671
3806
1894
6387
11411
11209
1807
5366
19656
32430
8986
29934
14804
5358
15215
16628
9212
17418
23708
27687
10097
5827
2159
19188
31103
5504
27843
16020
30214
28145
31898
14805
8494
15858
8044
798
29015
1458
27327
22445
30031
1300
6648
21540
10952
2133
14449
17988
6409
26608
12747
19448
995
16318
15494
25493
19175
8546
21198
20832
18646
17892
11672
32337
18265
668
30190
13334
23282
1362
8327
23131
15155
7075
10139
6473
27438
2470
5877
1356
17964
13264
7754
14362
17570
8213
7625
31473
3424
4688
24819
26143
9996
18405
31661
6600
24015
5797
32148
29668
12622
29426
28560
26503
24284
8483
20396
22885
23533
5674
32549
9621
21710
19315
22208
12949
916
2576
21857
13711
29523
28948
7386
3034
912
15164
12545
19908
16376
2005
11525
32399
24658
10969
25346
32185
1202
18524
6610
7553
495
16166
23847
678
21080
9890
5078
12658
32419
25591
20598
27639
4902
6772
4138
17817
30026
31537
23483
4044
11580
14323
32490
1055
30693
7505
18948
20346
13597
6165
4534
25251
1563
10725
24867
11271
12336
4387
4660
7864
6070
10257
16431
10930
26435
16185
18572
2658
14114
30476
19972
2409
18691
23753
29162
10397
11249
20128
14270
17232
23685
27416
18176
6614
13657
4014
32578
25921
17344
10942
4737
22639
21684
25767
6581
12871
19984
25643
22439
17727
10240
12820
7683
6177
6837
29
2222
1040
21597
22287
857
29638
19282
28715
19799
10271
145
15816
28587
9691
18031
26429
22886
12447
24455
15361
5680
30526
2551
25105
21284
21815
19148
17298
9697
19839
3514
32696
18909
8832
27921
25318
18429
12129
13804
10775
15459
26248
31915
5500
11912
6493
21924
3686
12170
27985
1558
25703
12999
8736
16734
26036
21674
3410
18030
22222
965
28424
29050
3426
16416
1013
5620
12909
25809
30891
13499
28579
12237
8728
25232
3090
31742
8016
29385
15363
24982
18573
14921
10273
12450
3955
32431
28637
31202
13465
26062
11024
6616
30278
31070
12002
31263
7288
4848
6636
31998
1579
17448
27545
18237
7127
3878
10962
23607
19259
837
24538
16433
28761
4616
25974
5354
20418
12369
21842
25715
1555
6100
5024
3649
4288
15564
15874
2689
21520
19436
426
30635
17001
17561
7359
9818
2254
854
3843
5979
25766
20608
15796
8196
1727
18235
3760
10439
10130
10412
16092
14855
12489
28521
30661
19241
8190
14125
26760
2031
1734
19665
26096
1
19438
31351
21983
29901
4612
25609
27119
14737
26393
2018
27992
22966
8646
14282
10773
31072
3949
7720
10562
9283
22465
9075
21193
32440
14729
18410
12349
3344
1185
17797
22278
1320
30017
3627
15807
24125
21633
31269
220
4866
541
15059
23184
18928
19318
26013
20974
22494
13274
11053
25934
20689
4613
3803
13298
6933
9960
12905
27369
14477
4521
2545
31028
14919
17642
3099
20264
4691
24910
12947
11539
14294
6457
24251
17698
20826
472
30365
13442
22888
30050
20003
6086
29017
27293
12426
16009
22121
26019
7700
16980
11533
26086
4605
1218
5767
30066
25777
22753
17591
15730
7740
23516
52
17398
19714
16599
21659
14067
13488
5147
22311
26763
26994
14707
15234
24719
11111
10709
10971
10051
5714
13381
4409
11617
31122
17911
21775
30048
27732
32180
11536
25077
29191
3710
2116
19931
17168
13687
15452
20688
3519
18175
28227
21984
17282
5917
26869
26341
18009
16672
22164
20815
2698
4742
4025
2081
150
7452
29960
26428
23403
13415
1799
15328
1755
23107
12336
13936
25165
24266
30020
10613
5043
14199
32739
14822
1724
20875
14170
25767
27722
25520
23484
32079
20006
733
22324
2606
2803
32377
14745
8591
20064
18371
4675
11322
22946
26737
7197
12605
12322
19607
28668
3820
31858
25547
12591
17703
16774
23943
26712
13531
11297
1231
122
30923
6285
32531
6738
15249
8335
29270
10731
11999
17818
22160
4717
2059
2883
30289
13365
9675
5621
25256
8491
17213
8678
24131
27472
23594
26185
983
16791
9867
14534
11203
20214
17740
1319
21744
4028
6225
27988
5371
4389
19895
9601
21398
20268
6236
24742
21803
9376
12193
24879
22723
378
31854
501
19751
23406
6007
19310
24900
3264
31934
26912
29652
5465
6233
4956
9787
29210
4214
16680
5807
32368
28828
13949
1436
5161
6708
17075
27207
23942
7751
17209
15025
3473
25737
16009
27326
29360
17303
11099
26262
6011
28285
14361
3148
26059
23419
9876
26814
19
2057
4085
15292
17652
15896
9462
1900
12555
16027
15954
12012
4878
30022
20857
26682
17943
6549
7561
1361
26175
24849
9338
22677
13167
9935
17560
14449
5747
11321
1591
26175
31824
22288
29090
23656
31704
4274
340
18380
31099
10905
1131
12388
15712
27685
1369
5413
12213
11675
2269
32552
12099
9325
14642
20489
13893
17596
20870
20365
16762
23579
23981
15495
11641
18838
8727
25852
32325
30451
16383
2437
17697
30519
27110
4085
6309
28268
15424
18748
21266
9890
3693
20107
2787
30260
20458
14777
31140
23372
17865
15590
17671
28841
15454
23902
24117
8096
316
21951
27490
13153
14688
25439
28580
12668
26539
744
9477
7076
14230
24645
15575
32434
24609
32194
31303
29421
13068
22126
23349
29064
11338
32708
17219
9068
5555
3723
23852
3384
4857
17147
9816
15494
10717
16417
22701
23153
6818
21125
9895
18260
7362
2569
32171
9171
21473
11028
17048
27424
4351
15088
15520
631
13297
11121
8790
25067
16658
27096
32007
14949
32566
21750
22094
15594
12767
24213
25571
26396
17332
23571
9652
30980
29998
19024
10807
30734
25493
2251
27902
25429
31787
20487
908
32033
12199
26420
3175
19886
31204
23819
5230
17200
4571
18426
26221
4883
21967
20865
30959
16519
18375
4316
28243
27708
11841
30946
23330
20842
11557
23853
18080
5141
27384
21115
6561
17551
5714
28244
28574
15422
24466
10733
32264
14239
15056
27725
1500
20875
32275
32686
888
17338
12228
30246
4269
4229
6499
16774
11541
31216
29305
643
24743
27111
14286
21267
27784
12232
731
4122
32292
14114
30082
26182
6270
7101
3581
9783
10180
16090
30485
9188
29479
16827
10388
9530
24810
2406
27644
9222
16568
12199
6521
26388
4154
1364
8469
13976
28137
2516
13355
12238
11809
31714
8990
31710
18039
26511
17226
28162
845
21894
28987
19690
15268
32660
797
19296
30513
11880
16244
29736
15026
9367
11278
3370
28290
15075
18741
13779
4971
4540
3369
17592
14780
31751
13261
10364
28316
1823
13984
20468
5022
17433
239
23946
21654
13901
13385
10719
12202
2833
4404
22965
17324
32456
22558
2827
22695
4892
13974
23945
22199
31367
5308
23071
7966
23832
22262
32234
31637
23156
26597
27735
6112
27931
7832
3210
14757
4844
21759
5633
10878
24300
17058
20596
2125
22595
28562
2816
28624
19079
21408
3717
13685
27453
30158
3917
8303
30877
8195
25070
23561
13718
31491
30577
4922
26386
9885
25779
27258
13947
8743
30988
19413
7550
6439
10287
14654
16143
26707
19281
6437
20909
28348
32142
12620
32487
32582
6024
17366
23583
1627
3665
673
24718
14304
14731
19669
31880
22888
17613
27325
13825
31912
20553
15318
28241
15916
1196
2854
13620
23624
7750
32207
19733
14928
13163
20452
17548
9227
14873
21371
18725
25958
4314
26116
5987
2662
3820
20441
11268
23392
24480
16918
6791
26988
11520
26282
11500
16151
23988
13998
12475
2392
27175
2806
5447
19654
3301
6886
16180
31495
21064
23943
13623
31884
19283
218
2589
635
26590
27501
10255
13549
15347
31787
24852
4442
13433
31864
26839
3409
32527
30846
7083
20845
10555
29121
14028
8324
15044
8186
26087
16161
20316
13346
18909
28469
29570
20941
23749
21513
18599
12985
22320
21111
13456
10407
31408
16730
8187
29033
26011
32323
2181
4413
21516
14958
27083
10073
29227
5108
16848
28871
9134
20289
13471
28019
25760
17609
4913
23427
10081
22263
18832
31974
21487
1126
30781
23344
19555
27220
15567
32165
6847
19284
28126
17811
11238
28226
19999
25830
15340
27004
31440
8950
22416
11855
6487
25507
5895
26800
2086
9380
30204
1837
5857
25884
27860
32547
2499
11118
12086
8496
27710
7507
13259
4587
30433
24106
26946
15059
3199
10127
15512
18310
4750
20526
21654
820
10445
13529
9883
10834
1066
14297
18587
1171
28898
19074
9320
23316
16362
13579
28720
7894
9102
4252
4167
21362
16216
10151
17959
4616
28467
12412
20662
14457
2512
5656
25031
6358
8777
17214
3298
15640
3332
9162
4936
4881
11227
20545
12594
5282
17785
6060
20570
16431
27655
23463
17340
30032
14089
29365
28830
2505
21634
1238
2254
10941
13663
5724
14891
24094
22802
13562
30566
14440
31870
31518
15882
6799
12307
23936
32186
3125
6458
30459
1210
1569
25331
18077
5554
16621
8636
5114
2734
23550
11958
28101
10600
28858
15875
30369
3274
26100
13426
29748
18351
6059
94
21629
9450
9973
31187
7528
10377
1590
3571
31392
13915
5525
14744
23973
431
25521
5947
25630
10847
26255
1045
30832
11021
16600
8323
24719
31917
26433
12207
12053
4931
14922
6765
19089
6126
26667
6499
32545
1062
11019
19053
20035
578
14196
13632
28904
14141
28420
845
16330
22969
11109
28392
30208
14916
13695
11689
463
8411
15595
23058
22468
9132
25515
8307
31743
23328
12825
13067
13778
5913
1822
18800
8587
31097
22692
12081
5261
6627
22606
9657
1958
5829
20582
7542
31644
14230
19735
2619
3081
1116
26076
22243
9321
30322
15160
15416
2930
9864
31912
32531
14500
7147
2774
22980
10272
8455
2575
5299
8381
16682
30967
4680
8281
21386
8059
21001
25197
14218
27144
12034
13540
9785
1274
23914
3886
15643
19544
27523
8080
9773
25534
18882
17086
291
2714
7728
6571
29172
155
26384
12704
30872
3687
12482
29324
30224
1677
25319
18331
680
21178
26822
13833
31097
24879
14575
22073
23857
1650
29
25345
31255
10052
29537
21320
26953
16084
3453
12756
22856
5426
15246
10077
16311
14854
15599
27366
22624
6018
14937
3149
5496
12693
22607
19744
25892
25954
18617
31666
28732
15600
8143
1134
13902
11043
28728
11628
10982
17387
29299
12354
14348
17595
15223
9757
18959
317
18070
31248
18561
2116
22183
21931
8323
5378
29284
15312
17475
8315
17
17858
17346
10041
17503
13951
25307
30529
18575
22608
20609
6727
27610
22686
25416
12318
9233
5639
32550
19826
12673
5297
2171
12985
18969
3294
2128
28519
32719
18369
26076
17761
26175
16017
22861
24757
15253
12251
31685
14216
6318
7964
6306
9808
27770
29327
9218
7235
18085
9028
31366
27662
13686
13170
20055
5323
15095
24334
25959
5933
7510
15004
3322
11006
5771
13382
26212
26828
10043
11051
28948
15327
4316
4345
30161
12398
15131
18878
14148
29202
2170
15867
2999
3706
24126
21243
17436
20577
25480
15714
1105
18109
15298
25097
28834
19513
16444
14601
21648
8934
32023
26390
9936
30765
30051
271
3735
25865
29316
11730
19989
15987
25306
6741
13887
18973
2977
29683
2002
11106
4629
23811
26005
7293
8154
4015
15326
18426
9884
8964
16727
22123
1779
9797
29954
1116
7817
1669
15739
21641
382
29300
3454
12878
25355
12410
12712
6238
29030
6914
11138
4024
10470
14105
15803
6871
25192
6455
3509
24873
8433
3164
32324
11971
25237
12127
10162
7251
30871
31875
4358
29526
10961
28492
3717
8843
10838
15505
27002
22183
5975
20689
13619
2890
7747
2251
30028
10290
28722
22600
31024
32431
6788
21308
4316
15190
453
19725
32486
8186
980
563
19390
6616
1349
1
24117
2066
28163
16066
32059
18015
22842
8712
7917
20480
31860
21313
10447
3830
2562
10891
1365
11122
4765
6602
12969
28557
10829
19959
11944
4921
21642
31419
25645
1143
31649
1084
32147
32715
30554
31543
16501
3309
26328
8015
22200
13250
25024
23460
10444
32138
17566
29096
11566
5723
7300
17966
20786
8910
30196
1220
24319
7672
4863
3395
1243
21404
19631
24484
25001
19102
9123
31253
15023
13243
17401
23884
16029
12408
113
11036
31179
1624
2254
4934
24515
4690
24448
657
3583
4226
21121
18461
11252
3103
31613
9460
3151
2989
2869
31202
29566
19828
25637
1927
10098
10288
18532
29866
11427
25610
7885
3792
21589
8135
4956
30989
26
5696
5850
15643
16025
22546
445
29353
9613
19862
24138
28917
3345
5396
7676
16029
4122
4403
15913
13235
30277
15284
8163
527
27347
4192
5917
6121
9457
9279
29966
4263
25917
15627
4571
10227
27783
31972
6512
25361
20436
30277
8110
25711
19881
15415
16332
7550
2182
17093
19191
21185
19120
9135
19004
9764
14131
7011
22440
7054
3112
21032
4782
19385
23092
17821
13256
14658
21841
26210
865
31740
8913
15893
14323
13962
18592
12672
32621
2605
8649
13072
14295
31962
31803
31113
6968
1424
17358
3833
25272
13032
24193
19435
9474
8174
7685
4828
29676
11055
27264
24563
32090
9235
2699
236
13151
25197
11388
2390
16294
31825
5355
22270
17937
3622
5743
15019
15007
18683
13993
6411
20115
15135
9348
6126
14547
1771
25530
11186
23950
31715
20891
6398
6433
17918
26378
16052
12860
10049
23496
15392
14144
28562
3829
18294
19180
9932
22739
18555
9273
7439
10702
2946
17794
21850
6841
8346
12008
32347
21083
15110
4085
28037
25642
9453
15488
20580
3158
6995
26832
2093
27913
9800
28932
25498
12526
16735
12209
10996
14064
26722
10190
12913
11076
23620
1485
26305
12713
13399
15371
2020
1262
4031
15978
1598
12213
31527
8508
13805
17016
24243
8036
19546
10953
2101
19383
23566
4062
9635
29097
17096
22604
17353
26917
15820
15635
9531
25020
6269
3547
1422
26882
10542
2685
7367
12341
4150
30149
30484
21792
27970
17783
29882
12863
32496
5007
1615
31268
24729
13517
31017
8729
23149
6257
26646
24583
30662
21828
9293
16279
22454
2007
10917
4758
27618
26127
30981
16542
6548
11233
22556
14835
28939
17755
27986
4523
28438
23012
10494
786
31969
7364
25817
26188
8718
1767
18099
22588
7431
24029
15204
6565
21907
11302
7686
27023
23976
3757
24417
24301
29825
31634
16807
1404
16367
26156
31842
16878
12276
25679
23722
16712
16526
14538
13723
30601
3537
26420
13574
29068
28216
13545
28775
32303
1853
15183
15895
29365
4135
28510
11971
3689
14116
16991
15133
16772
23703
16371
31185
23377
6323
19800
29115
25487
16201
28136
23639
8983
21982
12514
27769
8127
12289
11373
27966
3965
9692
10714
19778
1744
6408
26410
27155
26203
15270
4560
12262
19411
19883
24248
24969
2588
17531
25479
7321
27823
4282
5413
28149
19007
30302
3961
2674
10908
11017
2675
32721
983
11927
8272
29166
21159
4594
18713
14393
4619
8238
12141
28522
22065
7634
17025
21361
3735
4723
10597
30124
13168
20616
31625
9053
25161
12153
25215
4187
11756
11257
2306
6664
9605
25238
31544
13954
22275
6286
23604
25630
20673
18149
5311
11538
26214
23476
24408
4977
15626
9668
21881
31069
25242
7771
25116
22904
29821
1366
15742
25499
6519
888
22051
20939
21198
18178
19226
2408
26796
20100
23426
23720
30149
22002
28493
68
22073
6650
7492
2417
32188
26005
21067
2066
30964
7645
32231
4396
7714
16414
26621
19866
12549
1583
5085
24834
32252
9475
21630
15623
12394
22907
30219
13504
26718
14206
8351
25705
21364
28492
22606
16729
19702
32015
15972
26164
18759
30388
30705
28514
4226
27640
23941
31680
3166
3270
22584
9621
11605
2496
4077
1991
11013
25372
20184
9039
9174
6577
15934
14570
24541
30289
24700
27409
15104
23386
27723
15404
31323
21640
27970
15619
4323
22797
19869
32629
5961
29668
11580
8556
31522
18018
10735
1040
10564
6414
31984
827
14195
28338
4529
16685
20797
19890
31192
23170
27682
13213
25224
5729
1784
26370
28387
26357
30862
7045
7117
20001
4496
7217
4338
31343
5546
28688
778
12362
20464
11513
2908
21358
18046
27818
6272
9372
20827
6167
23658
1938
6308
32001
23460
25914
15846
25033
475
32290
13515
2951
24477
16684
3833
27223
30049
31367
16183
24563
12232
28381
6097
21639
31010
14030
2110
3520
1076
28318
24065
31782
13369
3626
3277
29357
17958
32033
16876
31878
7986
14192
18146
17723
25750
5630
30541
18171
16529
3994
19983
13107
30896
1586
19887
18782
14668
29765
18429
4125
14932
3738
18677
9354
8525
11827
10470
5065
17558
5757
2516
29409
13297
27593
17434
10442
10815
28159
1619
7880
19595
19345
11387
19191
23114
8367
4690
18726
13025
30394
25857
30184
21608
22522
14336
16361
14254
19347
24887
9087
11645
19893
24676
1153
8479
6164
21948
23132
25632
20120
19413
25187
26454
25685
22723
19559
1311
19645
23170
5512
16618
19732
21140
1354
8185
549
9450
236
32613
28212
15880
10485
2914
9011
25701
29967
15300
23865
14608
16920
31170
8495
11161
1655
21242
13261
25903
8364
23990
31941
28422
29739
12910
10813
6140
18539
7822
10371
23931
7738
29816
16892
23457
28499
7373
31582
2206
3122
19689
31
16222
3111
1708
13102
23913
938
17792
14304
30727
29934
31895
1837
27815
11961
19061
25884
20609
3442
1455
19068
891
21116
1778
5845
27209
1474
21574
7838
5081
5523
4500
27056
19950
10417
23142
13819
27915
22180
26863
4728
19346
14932
11851
9822
17453
4823
16392
30873
11117
26248
16100
19320
3249
23641
6872
24742
11850
16234
22614
14683
8412
24794
15056
9939
24071
19421
30841
16128
14919
14
23375
2428
11801
9735
29529
30913
14944
29231
15917
924
27654
10708
26550
29407
17126
32378
2100
14167
32746
13170
900
23549
7792
16814
28066
26736
31987
28115
6252
18339
30951
1168
11945
1747
484
12591
73
189
26631
8809
25582
18701
27030
29055
20908
27673
17378
32646
6925
22223
19314
15618
25689
31468
20317
4023
17172
880
19448
19132
9671
11598
12465
27857
26884
6247
15675
6386
15780
9401
14828
32045
17491
12244
3939
7088
591
18062
365
10790
4972
7928
4394
31556
15708
28305
19051
9886
18477
28857
95
25280
16403
12648
15727
17786
1128
28703
27238
24187
18417
12063
28885
24609
26211
17114
23734
19088
13093
30119
16719
19714
9560
5049
25945
20830
1301
29522
31330
26123
32245
19764
25456
31238
15063
31065
20199
7986
28381
25571
10156
18160
28600
20054
8587
11504
17702
12549
25814
25671
20920
20682
7503
15041
30937
23802
28744
26232
26124
10648
7689
12709
22901
22985
21106
6327
7579
3720
26850
3746
2668
28059
10071
23418
14722
5318
13526
18752
20388
19774
20237
4860
32656
4960
823
18955
10743
18083
28224
9659
16074
5580
18473
28949
17332
31585
16047
2810
9192
24159
25383
11378
11548
11055
12205
26944
24021
30935
26493
7866
26854
3694
22177
17623
4659
23762
13517
21898
18619
16541
12167
15950
8662
8276
24458
4098
6586
15074
11629
24824
15684
14917
27008
5449
8438
24200
6903
363
18748
21745
19018
6917
26611
3963
19163
11265
4907
12422
18394
15331
22828
24270
6245
9050
21944
5530
7924
32277
11408
17718
14325
28376
3386
22434
31667
27087
9216
28044
22396
31010
7228
26492
16899
12233
6099
3919
3843
16034
16384
30182
9765
24513
21331
22815
8484
3079
21753
9732
5423
12022
16701
27459
2959
19651
27471
20447
28041
20141
26692
25124
26502
27022
11103
21216
1905
21168
14223
28880
6753
14049
2616
30809
3448
10186
9014
2936
22027
29564
20000
26108
9474
6732
4297
8691
27010
22241
25357
8290
26314
27787
5066
27193
24923
12246
32556
7557
10076
32096
31278
15080
30780
4839
5981
26438
3993
32422
10463
30146
22369
6370
9141
19945
1335
15296
18493
556
10008
11609
13307
10900
25406
28688
16536
22449
28484
27940
21547
12756
652
11649
1720
6270
18398
5340
16630
22039
4689
21246
14422
15331
22895
32608
27712
14899
16532
4857
2208
18648
11671
13396
20897
13277
12972
2533
31928
8310
20361
1693
6885
24115
19912
25788
30774
22649
15501
17127
5260
15411
20328
6010
6561
9669
9341
28191
29258
27457
13794
9120
26362
22238
31304
5113
25480
26022
30942
28338
18994
24174
21618
9579
30689
21771
4569
10425
23983
28099
7570
26416
21414
29954
21670
17089
2250
8014
5330
28743
13402
1405
6120
30044
27732
12582
7795
14449
17719
19797
11674
22302
7948
20355
25671
14006
17319
11461
11144
799
14891
28483
17973
4064
29644
16364
979
20348
13785
14440
6840
21759
25849
4430
28016
5078
5557
152
16224
20963
1590
23636
7337
32721
25936
21916
31055
27557
2752
24519
19355
406
1202
6113
9661
3871
7815
16473
4790
15442
17620
9466
14965
12143
27310
31516
4416
3765
21541
4636
5718
21624
27150
26633
26067
10612
31494
30368
8659
14689
3507
19579
30426
13768
10317
18053
16244
31508
12637
32177
2840
3052
19909
15596
3154
22208
24577
4944
12834
31138
3244
22170
28831
30808
26694
10718
31967
6319
12852
23673
27
22802
16648
13640
1551
13658
1027
32279
10912
11752
15832
25436
19137
17649
23731
31782
15511
26138
4986
3664
21211
27717
6227
25338
12161
14762
11366
16185
10647
5673
20708
21774
19055
18398
19784
16533
9728
6647
27357
25983
4746
17858
2432
16578
889
29194
29095
655
2956
15524
1954
1157
18998
581
17441
28708
18501
22679
5623
10628
1985
28299
4381
21063
19223
18160
3834
30924
22390
325
9185
18341
13946
9419
3548
18764
15112
8671
168
5137
19833
32135
29440
29271
17146
23371
20767
23296
17458
22854
14464
20006
1830
29308
8424
27148
24666
23406
5798
19540
28473
3308
27161
4978
27063
28971
30836
5216
19253
26391
29118
6291
27301
4074
16413
14383
15342
6910
29779
9335
16530
991
23433
30343
27534
30373
8780
22085
31874
20097
10453
3477
5649
25237
27789
23500
5003
5385
10960
7528
25033
22619
8433
7166
24409
7926
3455
6771
2012
26887
22215
29039
28331
25740
31386
20495
19649
21421
11089
29914
9685
11600
15885
29431
18630
11240
20036
22429
12092
16013
14969
17354
141
4178
24138
20024
15325
6611
11696
16781
19850
28941
5507
2769
5063
19315
17724
27686
5766
26174
17919
18355
30364
18692
729
5858
22559
5772
9798
25035
19475
24545
28918
19184
32070
11685
28112
810
9337
13224
10040
14819
1984
25273
16781
23942
2348
19644
7926
16436
2214
3837
28767
29881
7454
14020
22462
30654
26854
21546
32667
31039
3416
12074
19407
23104
447
21243
1932
12988
20853
25501
13469
29663
1352
29107
24559
31349
15394
16528
8017
9633
14058
12948
7288
17874
23461
20409
20806
30707
29665
6761
22860
16610
10835
9875
31885
32036
3007
9981
22404
30935
3864
25820
17513
17383
26857
21922
27057
5765
11763
17175
4564
22997
2327
14763
12370
10471
2167
12554
14328
24041
17881
8946
9823
32667
28236
1089
26807
8963
27917
21587
32194
5473
15787
13962
31011
25189
10602
18990
19417
2720
29669
13432
30215
32313
15096
4329
