1000
22409
25914
11578
26293
6081
30293
9948
3117
9335
15380
26686
3438
22726
24117
3825
4941
30074
10340
19910
1008
3188
22540
21320
24381
15185
31852
31113
16274
31046
7405
8994
21175
31822
6579
26997
24337
31112
31346
53
10520
17626
8067
29225
19723
5083
2359
6956
24802
26608
10603
889
29316
25525
29532
37
13882
3998
7613
15597
31075
20958
19207
4914
11626
7559
3089
21058
7926
7411
28896
23769
11616
23396
7104
16360
5738
12775
2707
9876
10798
31614
2666
20354
31572
21629
2386
26450
24456
26933
14961
27753
21547
6096
16465
32756
6985
27004
20859
18473
9420
9932
2888
18384
6127
2906
26356
20227
4341
23730
1268
26930
26394
26731
17033
27754
3786
11671
19862
3542
27665
13662
10927
8070
10579
24293
24946
23407
26173
8821
17178
24499
21243
4057
32593
16419
2987
3079
31558
20738
18450
4611
7936
3852
13198
31489
3314
18615
332
4554
30671
27833
4283
30048
2719
8650
13889
3813
5907
2987
31788
7865
32277
24935
28651
9443
1700
14553
20350
10418
5855
11118
11051
9123
863
14381
20339
4998
26826
1780
2884
30685
17317
28932
9840
16005
14954
29375
7262
25496
19931
27313
28416
18577
25493
18894
9732
1713
24296
6394
20047
16546
15334
30671
3495
14171
24762
30874
7855
9795
6460
32166
18713
10905
28866
31678
10775
14867
24120
17901
24850
27845
30323
18056
29855
7749
6338
18798
943
10765
18886
15247
5893
18208
12420
939
9966
18161
27065
22620
10540
15232
9581
14167
15155
18630
17099
25071
15512
9555
24112
731
28102
3638
1410
24888
26355
12829
1731
17618
31570
22461
3302
28575
23690
17268
32481
20620
4712
8237
21763
21372
6864
28549
22664
29326
17914
17708
363
27807
8923
20877
26235
17681
4064
32689
29617
28874
17378
10848
23233
21631
25431
11402
29167
30770
30149
20710
29988
5113
20349
25817
23873
23042
17285
29337
16819
8660
12758
26258
30792
22743
17863
9225
26432
23575
30922
19711
15784
8005
11606
16728
1507
17663
30244
6460
18058
3152
23966
7870
9590
14203
16789
2747
16666
20468
5938
2309
13334
27568
11055
18369
30474
22430
12870
5646
5288
19318
15850
21992
25614
2737
26934
17739
15698
5848
21027
25243
23646
22274
13053
28739
26110
22681
12312
23453
17207
3420
11711
2834
18139
10922
17005
22402
20826
3581
6464
13541
26331
19125
22698
20019
27531
17687
24938
6274
31285
32405
31162
8558
2324
30543
14538
7358
20709
18651
18030
30021
10815
24129
17171
25861
21799
27978
27640
22683
24288
5371
20379
8663
6656
17756
9841
15786
23753
21630
9177
12613
31157
25787
21331
17023
9811
64
21997
3959
17490
3529
5119
18811
16603
684
14104
5929
32293
30233
56
25044
31555
31136
20032
4650
11840
23283
26790
19
17517
13038
25197
6620
15610
26068
10581
1684
4548
30940
5455
18358
25198
24812
3123
7689
21939
11940
3509
13765
9466
15262
15254
24055
1579
15604
12823
20262
26562
24323
17587
17719
13090
20079
29453
28814
2347
21096
10792
630
11534
23595
9686
22723
4448
12235
1651
3254
15214
2609
28370
26912
28881
26721
15992
3018
25410
21504
15368
13845
20143
22803
17407
4318
15758
2314
20385
26532
26481
12029
26676
7917
24026
6453
23147
27109
31569
7150
15909
841
18613
12635
9816
28035
19664
23275
3399
32279
31277
10187
20732
14397
12078
1196
21490
15055
31833
14534
5650
17766
9459
13341
23008
6337
3536
4867
10743
13926
3689
31454
21171
17291
22575
13355
9261
4918
26655
9667
4204
7076
13975
5469
31193
23272
6504
20821
17908
28372
3116
10156
2118
25628
21210
20047
22934
185
10903
8348
12128
3468
31951
22050
18307
25412
18565
5800
31802
16001
13799
3953
5197
7993
2086
28095
25481
14172
24964
25238
20333
11443
3503
5058
3110
12814
17997
7708
9662
15262
9688
3336
10640
21152
15532
27458
1023
19515
31838
20699
26215
26540
27984
4734
18772
6048
25218
30200
24306
31457
8107
4087
2501
18485
9609
12050
11162
12676
6261
30730
24766
568
30010
5968
31597
31977
2087
11207
21389
15418
23139
20170
16029
6910
2433
23921
17384
26528
15700
26384
24830
26305
12293
25857
29284
26914
31842
8100
5259
30917
9849
25763
4351
24911
4710
29307
11233
6065
23913
15672
26007
17671
19772
28799
1218
30912
18851
21202
31856
17920
5188
28176
660
20546
12985
8507
27315
2882
16100
32638
6367
12826
4482
8303
8425
14763
31491
17809
26067
16958
32410
31005
19844
19563
17296
2562
23743
13627
12509
2346
20310
15753
26361
11263
155
8366
3056
14382
14360
32349
7605
23722
11904
7115
16056
7157
24293
16403
12474
11163
30762
12250
29152
27903
700
3118
12295
25433
3709
6324
1624
19200
32001
11523
14620
13797
15357
21835
25553
20832
1020
26170
19837
14640
28500
2080
22338
31677
32089
32081
14643
13215
21968
10187
358
23140
24743
4632
2378
14478
1507
32630
21819
5852
10713
18230
4692
5323
14753
32610
9861
18523
23496
15010
1765
2838
6469
23904
18505
6223
4782
20011
7701
24744
5548
1369
15186
14039
9901
16369
18945
14761
21208
22984
27823
8006
24134
4841
32330
17848
8815
17466
1075
11431
12514
18269
1684
15462
3642
5589
17140
32308
6477
25450
27913
10683
29350
14286
29133
11229
30774
19328
28884
2736
10566
11249
24540
19143
1712
27366
3238
14772
17231
23837
28932
16842
22708
11315
3380
11048
21530
16325
15468
28147
28572
16854
14262
31202
19366
17008
15102
5888
23722
16014
105
17325
24852
3642
1513
13286
29567
32243
20751
21959
3369
5969
9504
32590
3236
23788
24426
10594
5327
32121
28120
23572
22533
16950
5061
12324
9108
15497
28942
2503
16241
30435
32619
28839
30250
11499
31231
10540
22811
20185
25389
29434
5349
21535
7342
4283
27164
8527
17888
32030
7744
1337
21601
28959
30959
4435
6877
8074
8536
20831
12836
18874
28659
9799
30848
4519
2160
18508
6981
11552
20461
13407
24233
24148
4971
2255
6102
21911
29315
5413
3390
24675
25173
8525
12591
2461
23746
12278
27303
3866
4059
16442
24681
20578
8600
21122
31312
6836
23502
13476
3300
30282
21595
22863
25387
22749
26019
16041
6850
24940
2881
10294
1579
314
30454
12284
2409
13846
29157
29413
9418
14814
24067
