100
13182
25234
6193
14574
13147
2521
25083
32752
18290
3963
5032
2679
4980
2541
9508
32461
14930
3828
6513
18175
25783
12312
22857
4331
4309
6998
8453
5273
3941
13333
1469
5327
20969
14427
21937
19935
28213
17985
22503
18116
31533
21924
12054
14445
10960
31262
25539
32601
17782
308
22954
19300
27221
16593
13407
481
14666
10740
28469
1512
18903
29605
11359
23281
4968
29229
32597
21922
10970
28294
13946
20198
31037
4625
26619
3391
20441
14983
17914
22621
32112
18994
32236
27375
18627
18525
10047
14009
29783
26121
1344
12007
12153
15073
8253
3233
6272
20080
31206
16863
