10000
2
5
7
12
13
14
17
31
38
38
46
50
54
58
63
67
73
80
92
94
101
112
118
120
126
128
129
129
131
133
135
138
138
140
144
148
154
164
171
175
176
178
179
180
184
186
204
206
209
210
212
219
219
225
230
236
240
242
243
245
256
259
260
260
265
273
281
291
291
292
292
293
295
295
303
304
306
307
310
318
320
324
327
332
333
351
355
357
359
360
360
360
362
362
362
366
368
378
386
388
408
410
413
416
420
421
423
423
424
429
434
435
436
437
440
448
451
452
454
460
467
469
470
470
471
471
471
482
484
486
487
492
493
501
502
502
502
504
513
519
524
530
536
537
549
557
560
560
562
565
569
570
571
573
574
576
576
589
589
589
594
608
613
619
627
628
629
631
633
633
640
651
655
656
667
667
670
672
674
678
681
693
697
703
705
706
712
712
722
722
723
727
727
728
728
734
736
738
738
740
741
747
755
758
763
765
766
768
769
770
773
784
788
791
800
809
815
820
823
826
831
834
841
841
845
849
850
859
862
865
867
872
876
880
886
887
887
888
889
890
892
894
895
897
899
901
901
901
903
904
909
910
912
916
919
921
926
928
935
950
966
966
967
975
978
984
984
985
991
998
1002
1008
1009
1009
1010
1014
1022
1031
1032
1032
1037
1039
1043
1049
1049
1055
1055
1068
1068
1071
1071
1073
1082
1085
1091
1094
1095
1100
1108
1110
1114
1116
1117
1118
1120
1121
1125
1133
1137
1138
1139
1141
1141
1144
1146
1148
1149
1151
1154
1158
1164
1169
1183
1183
1183
1185
1187
1188
1191
1192
1199
1201
1205
1206
1207
1219
1231
1235
1240
1243
1245
1249
1252
1256
1258
1260
1263
1265
1267
1268
1269
1269
1273
1276
1281
1284
1288
1294
1296
1299
1302
1302
1303
1303
1304
1314
1319
1321
1322
1323
1323
1334
1335
1335
1336
1337
1338
1340
1345
1346
1353
1353
1355
1356
1372
1382
1393
1396
1397
1400
1400
1400
1401
1404
1404
1408
1419
1424
1427
1441
1445
1448
1449
1450
1458
1462
1466
1468
1480
1486
1486
1486
1496
1499
1502
1504
1510
1512
1513
1513
1514
1518
1520
1522
1524
1527
1527
1531
1533
1535
1537
1539
1540
1543
1547
1549
1552
1559
1560
1562
1564
1579
1582
1583
1586
1592
1594
1608
1612
1615
1616
1619
1619
1622
1624
1640
1648
1650
1656
1657
1661
1661
1665
1669
1674
1677
1679
1679
1684
1686
1686
1690
1691
1699
1702
1704
1709
1710
1710
1711
1712
1726
1729
1731
1731
1733
1736
1738
1741
1748
1748
1752
1757
1761
1762
1766
1766
1778
1785
1787
1790
1790
1796
1800
1802
1807
1808
1809
1814
1818
1819
1821
1821
1823
1823
1827
1829
1829
1834
1848
1851
1861
1864
1877
1881
1886
1888
1890
1892
1896
1896
1905
1905
1905
1905
1906
1909
1915
1917
1917
1919
1922
1924
1926
1930
1931
1935
1939
1939
1941
1942
1947
1950
1951
1951
1954
1958
1962
1967
1968
1969
1972
1973
1974
1976
1978
1979
1980
1984
1993
1995
1997
1997
1998
2002
2013
2018
2021
2021
2022
2024
2039
2039
2050
2050
2058
2062
2065
2065
2073
2074
2075
2078
2080
2090
2094
2095
2095
2098
2100
2103
2104
2110
2112
2112
2114
2115
2115
2121
2130
2132
2137
2138
2142
2145
2148
2155
2156
2157
2162
2164
2165
2166
2167
2168
2172
2174
2175
2176
2178
2179
2180
2186
2188
2206
2211
2212
2218
2219
2219
2228
2231
2232
2238
2238
2242
2242
2243
2247
2248
2248
2251
2254
2257
2257
2258
2260
2261
2264
2268
2274
2279
2297
2297
2301
2301
2305
2306
2307
2308
2311
2314
2315
2317
2321
2323
2323
2325
2325
2326
2327
2332
2333
2333
2338
2341
2343
2345
2348
2352
2364
2368
2371
2375
2378
2382
2383
2384
2388
2390
2393
2394
2398
2401
2402
2408
2409
2413
2420
2424
2426
2433
2434
2439
2450
2452
2453
2457
2460
2460
2461
2463
2468
2480
2482
2483
2487
2487
2488
2491
2496
2501
2505
2510
2516
2522
2522
2524
2528
2534
2534
2536
2536
2538
2538
2541
2543
2548
2551
2553
2554
2568
2571
2577
2579
2591
2601
2607
2614
2618
2625
2629
2638
2639
2643
2643
2647
2650
2652
2652
2652
2652
2654
2654
2656
2659
2660
2660
2667
2671
2681
2685
2689
2690
2695
2702
2707
2707
2714
2715
2716
2717
2723
2725
2726
2733
2753
2757
2758
2760
2761
2763
2763
2764
2764
2770
2772
2773
2778
2788
2790
2793
2797
2809
2815
2817
2819
2821
2827
2827
2832
2833
2833
2835
2838
2840
2842
2843
2844
2844
2852
2855
2859
2864
2866
2869
2874
2875
2876
2889
2894
2895
2895
2900
2904
2905
2906
2909
2914
2920
2922
2924
2928
2930
2930
2933
2934
2939
2940
2956
2959
2960
2964
2967
2970
2974
2977
2980
2980
2987
2990
2991
2993
2997
2997
2997
2998
3001
3003
3006
3009
3012
3016
3017
3017
3019
3020
3035
3038
3040
3050
3050
3056
3056
3057
3058
3065
3077
3081
3086
3088
3093
3096
3099
3102
3103
3105
3110
3115
3116
3118
3124
3133
3135
3137
3146
3152
3155
3156
3156
3163
3167
3176
3185
3185
3187
3189
3208
3215
3217
3219
3227
3229
3237
3240
3241
3246
3248
3253
3253
3254
3254
3256
3258
3261
3264
3266
3270
3277
3278
3279
3280
3281
3282
3286
3286
3289
3292
3296
3308
3311
3314
3317
3321
3323
3331
3331
3336
3337
3338
3342
3347
3350
3351
3357
3364
3364
3374
3378
3380
3383
3389
3390
3391
3393
3400
3401
3405
3410
3411
3413
3413
3427
3434
3442
3443
3447
3452
3452
3453
3454
3456
3461
3470
3474
3475
3476
3477
3485
3486
3495
3498
3498
3501
3513
3514
3515
3527
3527
3530
3533
3535
3539
3539
3542
3550
3556
3560
3565
3570
3572
3579
3587
3588
3590
3597
3605
3607
3607
3613
3614
3615
3616
3620
3627
3628
3629
3634
3637
3637
3639
3642
3644
3654
3657
3657
3662
3663
3664
3666
3666
3668
3674
3676
3676
3679
3684
3686
3689
3693
3697
3701
3705
3706
3707
3712
3723
3726
3730
3734
3738
3740
3743
3745
3746
3747
3750
3758
3763
3769
3772
3773
3777
3778
3779
3785
3786
3786
3788
3788
3796
3808
3810
3820
3822
3826
3826
3828
3836
3840
3841
3842
3845
3845
3850
3852
3853
3858
3858
3861
3861
3864
3865
3866
3866
3868
3876
3880
3881
3886
3890
3890
3893
3894
3896
3906
3913
3913
3915
3916
3918
3924
3924
3925
3929
3934
3935
3935
3937
3938
3940
3942
3943
3943
3949
3949
3950
3954
3956
3958
3962
3965
3967
3969
3969
3970
3973
3974
3974
3976
3977
3978
3980
3980
3981
3982
3983
3984
3986
3989
3991
3992
3999
4000
4004
4006
4013
4020
4024
4030
4030
4030
4031
4035
4038
4039
4046
4050
4054
4059
4068
4069
4069
4069
4073
4076
4078
4081
4082
4086
4087
4090
4090
4101
4119
4119
4123
4131
4132
4134
4139
4142
4143
4144
4148
4152
4154
4159
4160
4164
4165
4167
4167
4174
4181
4182
4182
4184
4185
4186
4194
4194
4200
4202
4202
4217
4219
4221
4221
4227
4236
4242
4250
4251
4254
4260
4262
4263
4264
4268
4272
4273
4276
4284
4287
4289
4289
4292
4297
4299
4304
4306
4306
4308
4312
4315
4320
4321
4323
4327
4328
4328
4330
4334
4337
4340
4341
4344
4346
4347
4350
4353
4353
4354
4360
4362
4363
4364
4366
4368
4369
4372
4373
4383
4392
4393
4396
4402
4406
4406
4406
4411
4416
4418
4423
4423
4424
4429
4432
4435
4440
4441
4443
4446
4452
4461
4465
4469
4472
4475
4478
4479
4479
4481
4491
4491
4494
4495
4500
4502
4506
4510
4512
4514
4520
4520
4522
4522
4525
4525
4525
4530
4531
4534
4537
4538
4545
4546
4547
4553
4554
4554
4559
4559
4562
4567
4567
4575
4582
4584
4587
4594
4594
4597
4599
4608
4608
4609
4612
4622
4622
4623
4626
4627
4629
4637
4638
4638
4642
4652
4659
4663
4666
4667
4669
4675
4678
4681
4682
4684
4689
4698
4703
4708
4709
4713
4715
4716
4720
4720
4723
4727
4730
4733
4734
4735
4738
4742
4744
4745
4745
4748
4754
4755
4759
4766
4768
4775
4778
4781
4784
4790
4790
4791
4797
4801
4806
4807
4811
4823
4823
4827
4830
4831
4832
4836
4837
4839
4847
4849
4849
4851
4855
4857
4862
4869
4876
4878
4878
4882
4883
4886
4887
4889
4896
4902
4903
4910
4910
4914
4916
4916
4918
4918
4919
4922
4923
4926
4930
4930
4934
4938
4942
4943
4944
4947
4950
4951
4952
4956
4957
4959
4960
4962
4962
4964
4974
4975
4976
4976
4981
4984
4984
4986
4990
4991
4995
4995
4998
5001
5021
5033
5041
5042
5044
5046
5049
5052
5056
5063
5079
5081
5084
5089
5089
5098
5103
5111
5113
5121
5130
5132
5133
5136
5136
5138
5140
5144
5144
5147
5153
5155
5159
5160
5161
5162
5167
5174
5176
5186
5188
5189
5189
5190
5194
5196
5201
5201
5202
5202
5203
5204
5204
5206
5208
5211
5212
5218
5218
5221
5224
5235
5238
5239
5240
5243
5243
5255
5255
5261
5264
5266
5267
5274
5275
5282
5286
5287
5287
5291
5297
5309
5310
5314
5318
5319
5337
5339
5341
5343
5347
5363
5370
5373
5375
5378
5380
5383
5383
5384
5391
5396
5405
5409
5409
5412
5413
5424
5426
5432
5434
5435
5440
5443
5445
5454
5457
5457
5471
5473
5474
5477
5478
5487
5490
5492
5496
5509
5510
5528
5531
5534
5539
5547
5553
5559
5561
5561
5565
5568
5571
5588
5590
5591
5591
5591
5595
5596
5598
5604
5605
5605
5624
5624
5626
5634
5636
5638
5640
5649
5650
5650
5657
5661
5666
5667
5671
5671
5674
5675
5676
5679
5684
5688
5688
5691
5692
5694
5696
5700
5702
5704
5705
5707
5710
5717
5744
5748
5750
5767
5767
5774
5785
5785
5793
5799
5799
5816
5818
5819
5821
5821
5827
5829
5833
5835
5844
5847
5858
5863
5867
5869
5871
5877
5891
5895
5896
5900
5904
5912
5914
5919
5919
5920
5925
5926
5931
5932
5933
5934
5941
5943
5945
5946
5953
5955
5959
5967
5967
5975
5976
5980
5987
5991
5991
5992
5993
5994
5996
5998
5999
5999
6006
6016
6016
6021
6026
6031
6037
6040
6041
6041
6043
6045
6063
6063
6065
6069
6070
6072
6087
6087
6088
6099
6101
6101
6115
6118
6118
6119
6127
6132
6133
6134
6140
6146
6146
6150
6151
6152
6153
6162
6168
6177
6179
6185
6186
6188
6189
6190
6193
6199
6202
6203
6207
6214
6214
6215
6225
6226
6231
6237
6238
6238
6240
6241
6243
6247
6249
6251
6251
6255
6255
6258
6259
6260
6265
6269
6272
6275
6277
6279
6286
6288
6291
6299
6302
6303
6308
6315
6316
6317
6317
6319
6320
6321
6322
6328
6329
6330
6333
6339
6340
6345
6345
6353
6358
6362
6367
6377
6377
6381
6382
6385
6386
6388
6390
6391
6392
6393
6398
6403
6409
6410
6411
6411
6413
6438
6439
6444
6448
6453
6459
6461
6471
6476
6483
6489
6499
6501
6505
6506
6512
6516
6516
6520
6536
6536
6537
6538
6543
6547
6550
6552
6552
6557
6558
6559
6559
6560
6563
6565
6572
6575
6578
6582
6587
6591
6591
6595
6602
6607
6612
6615
6615
6619
6623
6629
6631
6632
6632
6633
6636
6641
6646
6653
6653
6657
6658
6662
6669
6673
6678
6682
6685
6689
6691
6697
6697
6697
6699
6702
6706
6710
6715
6716
6721
6723
6724
6726
6726
6726
6730
6733
6733
6734
6738
6742
6743
6746
6746
6748
6755
6756
6758
6760
6762
6765
6769
6777
6780
6781
6782
6790
6793
6793
6795
6799
6802
6807
6808
6811
6813
6814
6816
6817
6818
6818
6828
6830
6832
6833
6835
6839
6841
6842
6844
6845
6845
6853
6855
6855
6856
6858
6860
6863
6864
6868
6869
6869
6870
6872
6872
6873
6874
6875
6889
6891
6892
6894
6894
6894
6896
6899
6900
6902
6904
6912
6915
6915
6928
6931
6931
6933
6934
6935
6938
6942
6944
6947
6953
6957
6963
6963
6963
6964
6966
6966
6968
6969
6976
6977
6977
6980
6982
6983
6986
6987
6989
6990
6993
6996
6996
7003
7004
7007
7014
7016
7019
7020
7023
7023
7023
7024
7024
7027
7037
7040
7041
7043
7044
7049
7058
7060
7061
7065
7071
7083
7084
7091
7099
7099
7101
7106
7108
7110
7114
7114
7123
7125
7125
7132
7134
7135
7135
7143
7144
7154
7159
7160
7167
7168
7168
7170
7171
7171
7171
7179
7183
7183
7191
7192
7194
7201
7201
7201
7203
7217
7219
7223
7232
7236
7240
7241
7243
7246
7247
7247
7248
7248
7250
7256
7258
7259
7266
7267
7268
7272
7272
7276
7276
7280
7281
7287
7296
7301
7302
7302
7304
7306
7312
7313
7313
7318
7320
7326
7333
7335
7345
7346
7350
7352
7354
7356
7356
7362
7365
7366
7368
7376
7376
7377
7378
7382
7382
7387
7391
7392
7394
7395
7396
7397
7397
7398
7398
7403
7404
7407
7410
7411
7414
7432
7432
7436
7436
7445
7447
7449
7451
7453
7456
7459
7463
7466
7467
7468
7480
7481
7481
7488
7495
7500
7503
7506
7508
7510
7513
7514
7515
7517
7520
7521
7524
7534
7535
7536
7538
7541
7541
7550
7555
7560
7561
7564
7566
7567
7574
7574
7580
7585
7586
7588
7589
7595
7602
7604
7605
7607
7610
7616
7617
7618
7629
7632
7635
7638
7641
7642
7647
7648
7650
7651
7655
7656
7656
7657
7662
7664
7668
7671
7671
7672
7677
7688
7694
7706
7716
7717
7719
7731
7740
7742
7742
7745
7746
7751
7753
7755
7756
7758
7758
7762
7765
7766
7770
7776
7777
7780
7780
7785
7787
7797
7800
7801
7807
7809
7815
7815
7827
7828
7831
7836
7838
7840
7841
7843
7845
7848
7851
7858
7858
7861
7871
7873
7874
7876
7879
7885
7885
7893
7895
7902
7907
7908
7909
7913
7915
7918
7921
7926
7929
7931
7934
7941
7943
7946
7947
7954
7957
7959
7959
7960
7961
7964
7965
7969
7970
7975
7976
7981
7983
7983
7986
7986
7991
7992
7993
8001
8001
8002
8004
8006
8007
8008
8009
8014
8018
8020
8021
8022
8023
8025
8033
8036
8038
8042
8045
8048
8056
8061
8064
8067
8071
8071
8077
8077
8078
8081
8081
8082
8083
8083
8085
8097
8098
8102
8106
8108
8109
8111
8114
8118
8121
8125
8127
8129
8154
8162
8168
8170
8179
8183
8185
8188
8191
8191
8192
8192
8200
8201
8202
8215
8220
8221
8224
8229
8235
8239
8249
8250
8262
8263
8268
8273
8275
8281
8282
8285
8290
8292
8292
8295
8296
8300
8303
8307
8312
8317
8328
8336
8336
8338
8342
8343
8344
8345
8347
8347
8350
8352
8352
8353
8355
8357
8360
8361
8367
8367
8368
8370
8378
8379
8382
8382
8384
8390
8390
8401
8406
8409
8414
8421
8422
8423
8424
8426
8428
8436
8442
8445
8449
8449
8451
8454
8468
8475
8477
8480
8481
8489
8494
8495
8496
8508
8511
8515
8521
8521
8526
8534
8536
8538
8539
8541
8542
8543
8543
8544
8555
8556
8557
8557
8561
8566
8566
8569
8571
8576
8581
8586
8592
8595
8595
8597
8599
8610
8612
8619
8623
8627
8629
8629
8630
8635
8642
8645
8645
8646
8649
8651
8653
8670
8671
8677
8679
8685
8689
8689
8690
8695
8695
8702
8702
8706
8707
8711
8723
8723
8728
8733
8733
8734
8738
8738
8739
8743
8744
8745
8747
8747
8749
8752
8756
8764
8766
8774
8775
8779
8779
8783
8784
8786
8789
8789
8794
8794
8796
8796
8798
8806
8807
8811
8814
8820
8825
8832
8839
8839
8840
8845
8845
8851
8853
8857
8860
8862
8862
8864
8869
8870
8870
8876
8878
8879
8880
8886
8889
8897
8902
8904
8907
8908
8912
8917
8922
8922
8927
8932
8937
8941
8952
8954
8958
8962
8965
8966
8971
8972
8978
8981
8988
8989
8998
8999
9004
9005
9008
9008
9012
9020
9027
9030
9032
9033
9037
9037
9045
9050
9053
9054
9055
9059
9063
9067
9068
9076
9076
9081
9084
9091
9096
9098
9098
9102
9104
9106
9110
9118
9122
9124
9125
9128
9128
9130
9131
9132
9134
9136
9140
9160
9162
9164
9169
9169
9172
9177
9177
9177
9178
9178
9180
9181
9181
9184
9187
9192
9199
9199
9205
9213
9219
9223
9228
9231
9231
9232
9238
9238
9242
9244
9245
9246
9265
9266
9268
9279
9284
9286
9287
9290
9291
9296
9298
9303
9307
9310
9312
9316
9322
9323
9323
9326
9329
9331
9335
9338
9342
9346
9348
9353
9360
9360
9368
9369
9371
9371
9373
9375
9377
9379
9381
9382
9385
9385
9386
9391
9399
9403
9403
9404
9407
9411
9412
9412
9413
9414
9418
9418
9419
9419
9423
9423
9424
9445
9447
9448
9448
9450
9450
9451
9457
9460
9464
9476
9479
9479
9483
9483
9494
9502
9507
9513
9516
9516
9523
9526
9526
9527
9527
9530
9537
9545
9550
9554
9567
9584
9587
9588
9600
9602
9602
9606
9613
9613
9617
9620
9622
9624
9624
9626
9634
9636
9637
9639
9643
9647
9648
9649
9650
9652
9654
9655
9656
9656
9659
9661
9661
9664
9665
9668
9671
9673
9675
9684
9687
9689
9694
9694
9706
9709
9710
9715
9717
9719
9719
9719
9719
9722
9724
9725
9726
9728
9729
9733
9736
9737
9740
9741
9745
9759
9760
9762
9766
9767
9767
9769
9770
9776
9777
9777
9779
9779
9785
9795
9798
9803
9805
9810
9812
9813
9814
9819
9820
9824
9827
9828
9841
9845
9854
9854
9855
9857
9859
9860
9861
9862
9868
9872
9872
9874
9877
9878
9879
9884
9885
9887
9889
9889
9897
9902
9905
9912
9912
9915
9923
9924
9931
9932
9936
9937
9937
9942
9944
9945
9954
9956
9956
9960
9972
9974
9984
9987
9989
9990
9990
9996
9997
10003
10005
10005
10007
10008
10010
10011
10012
10013
10015
10017
10021
10022
10022
10024
10030
10031
10033
10033
10036
10037
10037
10039
10042
10045
10050
10053
10053
10066
10066
10069
10078
10083
10084
10085
10085
10090
10092
10092
10094
10095
10102
10103
10103
10109
10111
10112
10126
10128
10129
10131
10132
10136
10144
10144
10149
10150
10151
10153
10157
10158
10159
10162
10169
10169
10177
10178
10181
10185
10187
10190
10200
10200
10218
10218
10229
10231
10235
10240
10242
10246
10247
10247
10249
10264
10269
10273
10276
10278
10278
10283
10283
10288
10289
10296
10297
10299
10300
10301
10301
10302
10309
10315
10315
10317
10318
10320
10321
10324
10328
10332
10334
10335
10337
10343
10347
10348
10350
10350
10352
10361
10363
10377
10380
10384
10385
10386
10387
10387
10388
10399
10406
10407
10408
10409
10410
10411
10418
10419
10421
10422
10425
10426
10427
10433
10436
10437
10440
10445
10451
10453
10454
10454
10459
10461
10462
10471
10474
10478
10491
10496
10497
10497
10502
10502
10503
10507
10513
10513
10522
10524
10525
10530
10531
10532
10535
10538
10539
10540
10541
10545
10548
10552
10553
10555
10560
10563
10566
10567
10568
10571
10575
10580
10583
10587
10589
10592
10592
10602
10603
10607
10622
10624
10627
10629
10629
10630
10632
10632
10639
10642
10651
10654
10665
10667
10670
10672
10683
10687
10687
10689
10692
10700
10711
10713
10719
10722
10723
10723
10725
10730
10736
10739
10746
10747
10747
10749
10751
10751
10752
10756
10763
10763
10764
10765
10770
10770
10772
10772
10775
10776
10785
10787
10791
10795
10796
10801
10807
10810
10814
10824
10826
10834
10834
10839
10840
10841
10843
10844
10846
10847
10849
10855
10856
10859
10860
10861
10863
10865
10873
10874
10874
10876
10876
10877
10888
10899
10915
10918
10918
10927
10933
10933
10937
10938
10941
10943
10943
10946
10949
10953
10960
10962
10966
10967
10977
10985
10988
10990
10993
10997
10997
10999
11002
11003
11004
11005
11009
11014
11017
11021
11021
11023
11026
11030
11030
11032
11036
11040
11045
11050
11069
11076
11077
11077
11082
11083
11087
11094
11098
11103
11103
11117
11121
11125
11128
11129
11133
11138
11138
11149
11150
11151
11152
11158
11158
11159
11167
11168
11170
11171
11174
11176
11179
11187
11193
11194
11199
11201
11205
11205
11211
11216
11217
11219
11223
11223
11225
11226
11228
11231
11234
11236
11238
11239
11244
11246
11249
11250
11252
11253
11254
11259
11259
11265
11267
11267
11272
11273
11276
11277
11290
11307
11314
11321
11329
11329
11337
11340
11341
11344
11346
11351
11352
11354
11356
11357
11357
11360
11361
11361
11368
11368
11373
11374
11378
11379
11380
11393
11399
11399
11401
11401
11401
11404
11409
11409
11409
11411
11417
11421
11423
11428
11430
11431
11434
11438
11440
11440
11441
11457
11464
11468
11469
11469
11473
11474
11481
11487
11488
11490
11491
11496
11503
11505
11505
11507
11509
11512
11512
11513
11515
11519
11520
11530
11530
11530
11531
11535
11537
11539
11542
11545
11546
11547
11549
11550
11555
11565
11572
11572
11573
11582
11585
11586
11588
11595
11601
11605
11608
11611
11615
11617
11623
11625
11627
11627
11646
11648
11649
11651
11653
11656
11664
11664
11666
11668
11673
11675
11681
11684
11685
11690
11696
11699
11700
11700
11709
11711
11712
11713
11715
11715
11718
11724
11734
11735
11735
11740
11743
11746
11748
11753
11760
11763
11765
11768
11773
11773
11792
11795
11803
11804
11804
11807
11807
11810
11818
11822
11822
11828
11829
11830
11833
11837
11838
11838
11838
11845
11851
11852
11859
11860
11861
11863
11864
11869
11871
11871
11879
11884
11884
11885
11885
11886
11887
11891
11892
11901
11902
11903
11905
11909
11910
11914
11921
11922
11924
11927
11927
11928
11928
11930
11930
11939
11941
11946
11948
11954
11965
11969
11977
11982
11984
11985
11993
11993
11996
12001
12013
12020
12027
12028
12039
12041
12043
12045
12046
12049
12058
12064
12070
12074
12074
12084
12085
12087
12089
12093
12097
12099
12099
12100
12104
12106
12108
12112
12114
12126
12134
12139
12140
12144
12148
12148
12149
12149
12155
12157
12157
12161
12162
12164
12169
12178
12186
12190
12191
12193
12199
12205
12210
12213
12214
12215
12215
12216
12217
12217
12218
12219
12220
12225
12226
12229
12231
12231
12235
12236
12238
12238
12239
12242
12245
12247
12252
12253
12260
12261
12266
12266
12270
12276
12277
12277
12284
12286
12292
12293
12294
12296
12298
12300
12301
12308
12311
12316
12316
12327
12328
12333
12335
12338
12338
12346
12350
12352
12356
12356
12358
12359
12364
12367
12367
12369
12371
12372
12373
12381
12384
12385
12389
12390
12391
12393
12400
12404
12405
12411
12415
12417
12418
12418
12418
12422
12422
12435
12439
12440
12443
12444
12445
12446
12450
12452
12454
12459
12464
12469
12469
12476
12477
12485
12491
12494
12495
12499
12499
12503
12504
12507
12508
12514
12516
12521
12523
12526
12526
12529
12529
12530
12534
12535
12545
12548
12549
12552
12554
12555
12557
12557
12558
12564
12565
12567
12573
12574
12577
12578
12585
12586
12591
12591
12592
12593
12594
12595
12599
12599
12600
12601
12601
12609
12614
12617
12617
12631
12631
12632
12635
12635
12638
12643
12665
12667
12671
12672
12677
12677
12681
12681
12691
12691
12694
12697
12700
12701
12702
12702
12702
12703
12704
12705
12714
12714
12717
12722
12723
12725
12728
12729
12735
12738
12739
12743
12746
12748
12751
12752
12756
12756
12758
12758
12760
12762
12763
12772
12773
12773
12773
12774
12778
12782
12783
12785
12788
12788
12793
12793
12794
12799
12803
12804
12804
12805
12806
12809
12809
12810
12810
12811
12813
12818
12822
12826
12830
12833
12833
12835
12836
12839
12839
12841
12842
12844
12844
12845
12846
12846
12847
12866
12866
12874
12874
12885
12889
12893
12893
12897
12899
12899
12904
12908
12914
12918
12919
12921
12922
12924
12926
12928
12930
12930
12932
12933
12944
12951
12955
12961
12965
12969
12976
12977
12979
12984
12986
12992
12993
12994
12998
12999
13004
13004
13006
13007
13011
13012
13013
13018
13021
13021
13023
13024
13024
13027
13030
13031
13033
13036
13037
13043
13045
13045
13055
13057
13059
13063
13065
13066
13070
13073
13075
13078
13090
13099
13100
13101
13102
13112
13124
13130
13131
13134
13137
13139
13145
13154
13160
13169
13171
13174
13181
13182
13183
13187
13188
13190
13193
13193
13196
13199
13204
13209
13211
13212
13214
13225
13226
13228
13233
13234
13235
13237
13237
13248
13249
13254
13256
13260
13271
13281
13281
13286
13286
13292
13293
13295
13297
13303
13304
13311
13321
13333
13334
13334
13340
13341
13344
13350
13350
13365
13365
13368
13373
13374
13377
13379
13380
13396
13398
13401
13401
13406
13407
13408
13411
13418
13418
13421
13425
13426
13430
13432
13433
13440
13442
13442
13444
13447
13451
13453
13459
13461
13462
13470
13471
13472
13474
13475
13476
13476
13477
13481
13487
13500
13512
13519
13526
13528
13528
13529
13536
13538
13544
13545
13546
13565
13566
13568
13569
13572
13579
13580
13581
13588
13592
13593
13596
13596
13602
13605
13607
13610
13611
13612
13612
13614
13619
13620
13623
13628
13628
13628
13628
13634
13635
13641
13642
13643
13647
13648
13651
13652
13654
13657
13659
13662
13667
13668
13669
13670
13671
13674
13682
13688
13696
13697
13698
13699
13702
13703
13704
13709
13712
13717
13717
13724
13728
13737
13739
13760
13764
13766
13770
13771
13773
13774
13775
13777
13782
13787
13789
13789
13789
13790
13793
13794
13796
13796
13802
13805
13811
13813
13817
13818
13823
13825
13828
13829
13830
13832
13832
13834
13835
13838
13853
13857
13858
13860
13866
13867
13868
13869
13869
13871
13871
13872
13877
13882
13892
13902
13903
13908
13913
13916
13921
13926
13926
13932
13932
13935
13945
13950
13951
13952
13953
13962
13966
13971
13972
13973
13974
13977
13980
13982
13985
13989
13989
13991
13991
13992
14001
14005
14006
14009
14010
14017
14017
14017
14018
14018
14019
14026
14036
14037
14038
14042
14043
14044
14047
14055
14058
14061
14062
14062
14072
14073
14077
14078
14081
14085
14086
14090
14090
14093
14107
14107
14115
14116
14116
14121
14121
14124
14125
14128
14129
14132
14137
14138
14138
14143
14143
14146
14151
14160
14165
14167
14169
14173
14178
14179
14182
14182
14183
14191
14196
14201
14203
14211
14226
14227
14228
14234
14235
14251
14251
14254
14257
14272
14274
14275
14276
14276
14280
14282
14282
14283
14290
14291
14292
14292
14296
14299
14303
14304
14310
14315
14318
14322
14323
14327
14329
14330
14336
14336
14336
14337
14337
14341
14343
14347
14348
14366
14369
14370
14370
14378
14388
14389
14400
14403
14404
14404
14415
14419
14420
14426
14427
14428
14431
14435
14438
14440
14445
14448
14456
14457
14477
14478
14488
14491
14491
14492
14494
14494
14496
14496
14498
14498
14504
14504
14505
14506
14508
14512
14512
14517
14534
14539
14547
14547
14550
14553
14560
14566
14570
14570
14573
14578
14579
14591
14601
14603
14604
14606
14609
14609
14615
14621
14621
14622
14624
14624
14632
14639
14641
14645
14645
14652
14658
14659
14660
14664
14669
14669
14673
14673
14681
14682
14686
14689
14701
14701
14702
14704
14704
14705
14710
14716
14716
14717
14722
14723
14726
14726
14730
14732
14733
14735
14737
14741
14744
14746
14747
14753
14756
14758
14760
14760
14762
14764
14766
14769
14773
14777
14779
14780
14786
14788
14791
14795
14795
14802
14804
14809
14809
14810
14811
14812
14822
14823
14823
14824
14825
14829
14831
14834
14835
14837
14841
14851
14852
14858
14864
14867
14871
14872
14877
14878
14878
14881
14883
14885
14889
14911
14916
14920
14923
14924
14926
14930
14932
14933
14934
14936
14938
14940
14941
14954
14955
14960
14960
14961
14962
14966
14972
14972
14973
14977
14978
14982
14983
14985
14985
14986
14987
14988
14990
14993
15000
15010
15011
15016
15019
15023
15029
15029
15031
15032
15036
15037
15039
15046
15047
15050
15058
15064
15082
15084
15088
15090
15090
15092
15096
15097
15098
15102
15103
15107
15108
15109
15112
15113
15114
15115
15116
15121
15132
15136
15136
15142
15143
15145
15146
15152
15154
15164
15166
15169
15178
15181
15185
15193
15193
15195
15200
15200
15205
15210
15211
15217
15221
15224
15233
15233
15236
15238
15240
15242
15242
15243
15246
15246
15252
15253
15260
15261
15267
15271
15289
15293
15294
15306
15312
15313
15317
15322
15325
15325
15332
15334
15334
15334
15335
15335
15335
15336
15339
15339
15344
15348
15349
15352
15352
15353
15355
15357
15364
15372
15378
15379
15383
15385
15387
15388
15393
15395
15399
15400
15406
15410
15411
15419
15420
15426
15426
15445
15445
15462
15469
15473
15476
15476
15478
15480
15481
15484
15486
15492
15495
15495
15498
15503
15505
15506
15511
15524
15526
15527
15528
15535
15537
15540
15541
15542
15543
15546
15550
15558
15564
15566
15566
15569
15570
15571
15577
15579
15581
15585
15586
15589
15591
15596
15597
15599
15605
15608
15608
15609
15612
15615
15617
15619
15621
15622
15625
15625
15636
15643
15645
15648
15655
15657
15666
15671
15674
15688
15688
15690
15694
15695
15700
15701
15708
15709
15710
15713
15720
15722
15724
15724
15728
15732
15736
15739
15748
15750
15759
15761
15771
15775
15779
15783
15786
15788
15790
15795
15795
15798
15799
15800
15801
15804
15807
15810
15812
15814
15815
15816
15816
15817
15820
15826
15832
15837
15840
15846
15849
15850
15851
15854
15856
15860
15865
15871
15875
15877
15878
15886
15887
15889
15911
15917
15918
15919
15923
15923
15930
15935
15939
15943
15944
15945
15947
15948
15949
15952
15952
15966
15979
15980
15991
15995
15996
15997
15997
16002
16002
16004
16009
16015
16017
16021
16026
16026
16026
16029
16030
16034
16035
16037
16052
16054
16057
16063
16067
16071
16077
16078
16082
16085
16089
16092
16094
16094
16097
16102
16104
16105
16106
16108
16109
16112
16122
16122
16127
16132
16141
16146
16146
16151
16152
16155
16156
16159
16163
16166
16167
16168
16174
16175
16176
16183
16184
16195
16197
16202
16202
16212
16213
16217
16221
16221
16221
16230
16235
16236
16237
16239
16243
16246
16251
16260
16262
16264
16271
16276
16277
16283
16286
16287
16291
16293
16295
16305
16316
16318
16323
16325
16337
16338
16342
16351
16355
16356
16356
16357
16361
16364
16366
16368
16369
16370
16371
16381
16383
16398
16398
16400
16401
16406
16406
16408
16409
16428
16430
16431
16436
16439
16442
16443
16445
16447
16450
16451
16453
16459
16470
16472
16475
16478
16483
16484
16488
16490
16493
16495
16496
16501
16501
16504
16506
16523
16523
16526
16538
16543
16550
16561
16564
16565
16570
16574
16588
16592
16619
16620
16621
16622
16629
16635
16643
16646
16651
16662
16663
16663
16665
16669
16672
16673
16676
16684
16687
16691
16692
16704
16707
16708
16710
16711
16722
16729
16730
16732
16734
16736
16748
16750
16751
16765
16767
16767
16771
16780
16788
16791
16791
16795
16796
16797
16803
16804
16807
16810
16814
16816
16817
16817
16819
16823
16823
16825
16829
16829
16832
16834
16834
16839
16844
16844
16846
16850
16853
16854
16855
16855
16856
16858
16858
16859
16861
16861
16872
16873
16880
16887
16894
16898
16902
16904
16909
16910
16912
16915
16918
16919
16919
16922
16922
16925
16925
16926
16926
16928
16934
16935
16942
16942
16946
16947
16949
16954
16955
16959
16964
16966
16967
16969
16969
16970
16972
16973
16978
16982
16986
16989
16990
16996
16998
17001
17003
17004
17006
17006
17006
17007
17007
17008
17008
17014
17014
17015
17019
17019
17020
17022
17022
17027
17028
17029
17033
17040
17049
17050
17051
17052
17055
17059
17060
17060
17071
17073
17077
17078
17079
17085
17088
17090
17092
17092
17096
17099
17103
17104
17112
17122
17126
17128
17132
17133
17137
17139
17140
17146
17148
17161
17162
17166
17169
17176
17183
17183
17190
17193
17194
17196
17198
17201
17202
17203
17204
17208
17212
17215
17221
17224
17229
17232
17233
17244
17245
17246
17248
17250
17251
17252
17253
17253
17254
17265
17268
17269
17275
17278
17280
17283
17283
17284
17285
17287
17297
17298
17298
17304
17304
17304
17307
17310
17313
17313
17321
17322
17328
17334
17336
17338
17341
17350
17354
17354
17356
17358
17360
17362
17364
17366
17367
17368
17371
17371
17377
17381
17381
17382
17384
17386
17386
17393
17398
17400
17402
17407
17414
17426
17429
17441
17442
17446
17451
17452
17453
17461
17462
17470
17474
17475
17482
17483
17486
17494
17503
17504
17510
17511
17513
17523
17526
17533
17534
17535
17537
17543
17545
17546
17550
17552
17552
17557
17567
17568
17573
17575
17580
17581
17583
17586
17591
17592
17593
17599
17605
17608
17609
17614
17616
17618
17621
17622
17623
17626
17626
17627
17628
17629
17630
17642
17644
17647
17647
17648
17651
17655
17666
17666
17667
17675
17680
17681
17685
17685
17689
17697
17701
17709
17711
17714
17718
17724
17727
17728
17729
17730
17737
17741
17742
17743
17745
17753
17754
17755
17755
17756
17756
17756
17757
17757
17767
17767
17769
17772
17777
17781
17782
17783
17784
17784
17787
17787
17799
17805
17809
17810
17824
17829
17835
17836
17838
17840
17843
17847
17848
17853
17859
17860
17865
17867
17868
17869
17869
17871
17881
17885
17886
17886
17887
17889
17890
17898
17901
17902
17903
17903
17904
17905
17906
17909
17919
17919
17921
17929
17930
17934
17937
17940
17944
17948
17949
17951
17953
17953
17956
17957
17960
17964
17966
17967
17971
17974
17974
17975
17976
17978
17986
17987
17987
17988
17988
17989
17993
17993
17995
18004
18009
18014
18019
18022
18028
18029
18030
18032
18034
18035
18038
18038
18039
18042
18048
18063
18063
18067
18071
18071
18079
18083
18084
18089
18089
18089
18089
18090
18101
18103
18106
18109
18118
18119
18119
18124
18128
18129
18129
18132
18136
18137
18142
18158
18162
18162
18164
18171
18174
18178
18183
18186
18187
18188
18191
18197
18203
18203
18205
18208
18208
18211
18233
18237
18239
18243
18246
18246
18249
18249
18250
18252
18257
18266
18267
18268
18272
18274
18285
18288
18292
18296
18296
18302
18302
18324
18325
18326
18329
18330
18336
18338
18341
18343
18345
18349
18352
18356
18358
18368
18369
18372
18376
18377
18378
18379
18381
18382
18385
18386
18388
18389
18392
18405
18406
18410
18413
18416
18425
18427
18430
18430
18436
18440
18440
18445
18447
18453
18462
18471
18472
18475
18476
18478
18478
18479
18484
18485
18485
18486
18496
18496
18500
18502
18513
18515
18524
18524
18526
18527
18529
18535
18535
18536
18537
18537
18540
18540
18545
18546
18547
18549
18550
18551
18554
18556
18556
18558
18560
18562
18564
18572
18577
18578
18580
18582
18584
18588
18590
18590
18595
18600
18607
18609
18617
18617
18622
18623
18623
18625
18627
18628
18631
18634
18637
18638
18646
18647
18650
18650
18656
18658
18659
18664
18666
18668
18674
18676
18678
18678
18679
18679
18685
18686
18691
18691
18695
18696
18697
18700
18702
18708
18710
18710
18712
18715
18716
18717
18717
18724
18725
18728
18729
18732
18733
18735
18738
18742
18748
18755
18760
18769
18777
18785
18787
18791
18791
18796
18797
18802
18807
18807
18811
18814
18814
18820
18821
18827
18833
18833
18835
18836
18838
18838
18844
18844
18852
18862
18866
18870
18875
18875
18875
18876
18876
18878
18885
18886
18887
18889
18889
18899
18900
18907
18908
18910
18910
18912
18921
18923
18924
18924
18926
18935
18943
18943
18944
18946
18947
18959
18959
18962
18972
18972
18972
18980
18983
18984
18989
18990
18992
18996
18999
19002
19002
19003
19009
19013
19013
19018
19021
19035
19035
19047
19049
19053
19053
19056
19061
19062
19063
19068
19072
19072
19074
19075
19081
19084
19088
19090
19091
19093
19096
19098
19104
19104
19111
19111
19111
19112
19117
19118
19120
19122
19123
19124
19126
19128
19135
19142
19145
19145
19146
19147
19148
19152
19162
19163
19165
19165
19169
19169
19176
19176
19177
19179
19180
19182
19190
19197
19198
19199
19205
19209
19209
19209
19216
19220
19223
19224
19229
19230
19234
19241
19242
19242
19245
19246
19247
19253
19253
19259
19261
19265
19266
19280
19281
19283
19284
19287
19287
19289
19290
19299
19306
19312
19313
19320
19320
19321
19322
19322
19328
19335
19336
19341
19343
19350
19350
19356
19363
19365
19365
19366
19366
19367
19371
19372
19374
19380
19382
19385
19386
19389
19391
19392
19393
19394
19395
19398
19400
19401
19402
19405
19408
19408
19420
19426
19429
19429
19433
19433
19439
19443
19446
19449
19454
19457
19459
19460
19464
19464
19471
19475
19478
19482
19486
19489
19495
19498
19502
19503
19512
19521
19525
19526
19526
19527
19528
19537
19545
19552
19554
19557
19560
19565
19566
19575
19575
19577
19587
19587
19588
19592
19594
19598
19599
19599
19600
19601
19602
19609
19613
19614
19618
19618
19626
19628
19630
19631
19635
19637
19639
19642
19643
19645
19647
19651
19654
19655
19659
19664
19667
19668
19679
19683
19686
19695
19695
19698
19698
19717
19717
19725
19727
19731
19732
19734
19737
19753
19753
19755
19756
19760
19761
19762
19769
19770
19772
19776
19776
19777
19777
19777
19778
19784
19792
19792
19805
19808
19808
19808
19815
19816
19821
19822
19823
19833
19847
19848
19849
19849
19851
19857
19859
19860
19864
19866
19876
19876
19877
19877
19880
19886
19887
19887
19891
19901
19906
19911
19915
19916
19918
19919
19922
19923
19923
19927
19930
19931
19932
19933
19936
19938
19945
19953
19953
19953
19954
19955
19957
19958
19961
19962
19962
19965
19969
19970
19976
19981
19987
19995
20000
20004
20010
20012
20018
20019
20020
20025
20025
20027
20027
20029
20033
20039
20041
20041
20042
20042
20048
20049
20055
20065
20067
20077
20085
20086
20091
20093
20099
20099
20104
20106
20106
20108
20117
20121
20122
20124
20135
20136
20142
20150
20156
20161
20164
20168
20176
20177
20182
20191
20198
20199
20201
20204
20207
20209
20210
20214
20216
20218
20220
20221
20222
20226
20228
20230
20230
20231
20243
20247
20249
20250
20251
20258
20259
20259
20262
20270
20276
20279
20281
20287
20305
20310
20311
20314
20314
20317
20319
20320
20323
20327
20327
20329
20331
20331
20334
20336
20338
20348
20350
20352
20352
20353
20355
20355
20357
20363
20363
20366
20368
20369
20372
20372
20373
20376
20385
20388
20392
20394
20397
20400
20400
20401
20403
20405
20406
20407
20412
20420
20423
20424
20425
20435
20436
20436
20438
20441
20441
20442
20444
20448
20451
20453
20459
20460
20462
20466
20467
20470
20472
20479
20479
20484
20485
20486
20487
20497
20498
20500
20502
20510
20516
20516
20521
20523
20527
20529
20531
20532
20535
20543
20551
20551
20551
20557
20563
20565
20566
20567
20567
20569
20569
20572
20582
20596
20599
20604
20606
20607
20608
20618
20623
20624
20627
20630
20632
20634
20636
20639
20642
20647
20647
20648
20651
20657
20659
20665
20666
20669
20672
20678
20685
20687
20699
20702
20703
20704
20712
20720
20720
20723
20725
20732
20735
20735
20736
20737
20740
20744
20768
20771
20772
20775
20775
20777
20780
20783
20788
20790
20795
20796
20797
20802
20802
20803
20812
20817
20818
20819
20821
20822
20828
20831
20832
20834
20842
20844
20850
20850
20850
20851
20858
20860
20860
20861
20866
20867
20868
20872
20879
20886
20889
20890
20891
20894
20911
20917
20921
20924
20927
20927
20929
20932
20939
20941
20941
20942
20943
20945
20946
20950
20960
20960
20966
20969
20973
20973
20974
20975
20979
20980
20982
20985
20997
21004
21013
21029
21031
21036
21038
21040
21045
21052
21052
21053
21054
21057
21065
21066
21066
21068
21068
21069
21076
21078
21087
21088
21088
21091
21094
21096
21107
21108
21113
21114
21114
21121
21126
21129
21131
21131
21135
21137
21139
21143
21143
21155
21158
21160
21161
21163
21166
21168
21169
21169
21172
21182
21186
21187
21187
21193
21195
21197
21198
21199
21199
21203
21203
21204
21206
21208
21214
21215
21224
21228
21231
21241
21243
21244
21247
21251
21255
21258
21259
21260
21262
21264
21265
21266
21267
21270
21273
21273
21276
21278
21279
21282
21282
21283
21286
21291
21293
21299
21300
21302
21310
21316
21320
21322
21325
21328
21339
21340
21341
21342
21343
21344
21345
21346
21349
21350
21350
21352
21357
21363
21364
21367
21371
21372
21376
21380
21381
21381
21386
21389
21390
21391
21397
21399
21400
21403
21416
21423
21424
21440
21441
21441
21443
21445
21445
21457
21463
21466
21470
21474
21484
21484
21486
21488
21490
21491
21498
21499
21500
21501
21503
21504
21505
21513
21518
21519
21520
21522
21533
21538
21538
21542
21547
21547
21550
21554
21557
21559
21562
21564
21564
21566
21566
21567
21573
21574
21579
21580
21586
21587
21589
21594
21602
21610
21613
21614
21620
21622
21626
21638
21640
21642
21646
21647
21648
21650
21652
21653
21653
21660
21663
21670
21671
21671
21673
21680
21680
21690
21693
21698
21700
21700
21708
21708
21710
21716
21717
21718
21719
21720
21722
21728
21729
21734
21743
21745
21748
21751
21758
21759
21763
21763
21766
21767
21767
21770
21771
21778
21780
21782
21786
21788
21792
21793
21793
21794
21797
21799
21799
21811
21813
21820
21822
21830
21835
21839
21839
21845
21848
21848
21855
21857
21857
21857
21859
21860
21863
21867
21871
21885
21888
21888
21889
21889
21890
21897
21899
21903
21906
21907
21908
21910
21912
21912
21914
21917
21920
21920
21924
21924
21926
21939
21944
21947
21947
21948
21948
21949
21949
21952
21952
21955
21956
21959
21961
21964
21965
21969
21970
21975
21979
21981
21985
21985
21986
21991
21994
21994
21998
22006
22009
22010
22014
22020
22021
22026
22033
22034
22037
22043
22045
22050
22053
22061
22063
22064
22065
22065
22067
22068
22071
22072
22078
22079
22082
22083
22083
22084
22085
22101
22102
22103
22104
22113
22119
22120
22121
22126
22129
22131
22132
22136
22137
22140
22142
22143
22143
22145
22148
22155
22159
22159
22164
22169
22172
22173
22174
22187
22188
22197
22198
22198
22199
22202
22204
22205
22211
22214
22216
22217
22218
22225
22226
22226
22230
22234
22237
22237
22245
22247
22250
22254
22261
22269
22274
22275
22275
22279
22285
22288
22292
22292
22294
22296
22306
22307
22309
22310
22318
22320
22324
22327
22327
22328
22330
22331
22335
22335
22339
22351
22351
22352
22352
22361
22363
22368
22372
22375
22375
22387
22389
22391
22391
22392
22393
22394
22397
22400
22402
22407
22411
22418
22426
22430
22435
22439
22439
22440
22440
22448
22449
22450
22453
22461
22461
22462
22462
22463
22471
22472
22472
22477
22481
22482
22487
22488
22494
22496
22496
22497
22498
22502
22505
22506
22506
22510
22511
22517
22518
22519
22522
22526
22528
22530
22531
22535
22540
22542
22542
22544
22547
22550
22551
22554
22564
22568
22568
22568
22569
22570
22573
22574
22590
22591
22592
22595
22597
22600
22602
22603
22606
22608
22610
22610
22620
22626
22630
22635
22641
22645
22649
22649
22652
22652
22658
22660
22664
22671
22674
22678
22680
22681
22683
22696
22704
22705
22708
22708
22709
22712
22712
22715
22716
22718
22722
22723
22725
22725
22727
22737
22738
22742
22748
22750
22752
22753
22759
22759
22761
22774
22783
22784
22785
22790
22791
22792
22794
22799
22801
22801
22802
22807
22808
22814
22816
22823
22824
22824
22825
22827
22830
22838
22839
22840
22841
22843
22846
22846
22847
22854
22855
22860
22874
22875
22878
22880
22880
22883
22889
22890
22892
22895
22898
22900
22905
22910
22916
22918
22921
22928
22930
22930
22931
22937
22937
22940
22944
22946
22952
22962
22971
22971
22977
22979
22980
22985
22986
22987
23006
23009
23013
23014
23015
23018
23020
23020
23021
23021
23023
23025
23026
23030
23032
23039
23046
23046
23051
23055
23061
23064
23070
23070
23072
23072
23074
23096
23097
23100
23103
23110
23112
23114
23115
23122
23124
23129
23129
23130
23132
23141
23144
23147
23149
23150
23150
23160
23166
23173
23173
23174
23177
23178
23182
23184
23194
23195
23197
23198
23198
23201
23214
23214
23222
23226
23226
23227
23229
23231
23231
23234
23235
23237
23238
23243
23246
23262
23263
23271
23273
23275
23280
23282
23283
23295
23297
23298
23299
23305
23310
23315
23316
23320
23321
23334
23344
23346
23350
23351
23365
23368
23368
23376
23379
23382
23383
23383
23389
23400
23410
23410
23415
23417
23422
23422
23424
23425
23425
23426
23428
23429
23438
23439
23444
23449
23453
23455
23465
23470
23470
23471
23473
23473
23476
23476
23487
23490
23499
23506
23510
23510
23511
23512
23512
23527
23527
23530
23532
23534
23535
23540
23550
23552
23556
23562
23564
23564
23568
23571
23579
23582
23585
23586
23588
23590
23594
23596
23596
23598
23606
23607
23612
23625
23626
23628
23631
23631
23633
23638
23640
23645
23651
23657
23670
23672
23676
23676
23680
23686
23689
23691
23695
23696
23703
23707
23707
23714
23721
23724
23726
23728
23729
23732
23734
23746
23751
23752
23752
23753
23758
23760
23763
23768
23770
23770
23785
23785
23786
23792
23798
23799
23804
23805
23807
23808
23808
23810
23815
23815
23818
23823
23823
23832
23833
23833
23835
23845
23849
23851
23853
23858
23867
23868
23874
23884
23888
23891
23898
23900
23902
23902
23904
23906
23908
23908
23912
23914
23915
23919
23924
23925
23926
23927
23928
23933
23940
23941
23942
23943
23946
23947
23950
23951
23953
23954
23956
23957
23965
23967
23970
23971
23973
23973
23977
23978
23978
23982
23983
23984
23985
23986
23987
23987
23991
23992
23995
23997
24007
24012
24016
24016
24016
24021
24024
24026
24038
24044
24046
24046
24050
24053
24055
24058
24058
24060
24064
24068
24073
24074
24074
24074
24081
24082
24085
24095
24096
24096
24097
24101
24104
24104
24105
24115
24118
24124
24129
24137
24145
24147
24150
24154
24154
24157
24158
24159
24161
24161
24163
24163
24165
24167
24167
24182
24183
24186
24187
24187
24188
24190
24190
24193
24194
24195
24197
24203
24210
24213
24216
24227
24230
24231
24232
24233
24241
24250
24254
24255
24261
24262
24265
24266
24269
24269
24269
24276
24281
24284
24295
24297
24302
24305
24310
24310
24314
24317
24323
24333
24335
24348
24350
24351
24352
24358
24368
24378
24395
24397
24404
24406
24410
24413
24417
24419
24419
24422
24424
24427
24428
24429
24430
24437
24439
24440
24441
24442
24444
24446
24448
24450
24452
24457
24460
24463
24467
24467
24476
24480
24487
24488
24496
24499
24500
24502
24505
24507
24514
24530
24531
24536
24537
24538
24541
24542
24542
24545
24547
24548
24549
24550
24552
24555
24557
24559
24560
24561
24573
24575
24577
24587
24594
24596
24601
24604
24607
24607
24608
24614
24615
24618
24619
24624
24632
24639
24641
24641
24641
24644
24645
24646
24654
24656
24656
24658
24661
24666
24668
24668
24668
24672
24684
24684
24685
24686
24687
24693
24698
24699
24700
24701
24703
24703
24704
24706
24708
24710
24711
24718
24719
24719
24724
24727
24727
24731
24734
24735
24736
24737
24740
24753
24754
24755
24756
24759
24761
24766
24767
24769
24769
24769
24771
24771
24772
24774
24774
24774
24786
24800
24800
24801
24803
24807
24814
24816
24817
24819
24819
24822
24822
24826
24829
24834
24840
24841
24847
24848
24850
24853
24854
24862
24867
24874
24877
24888
24894
24896
24900
24904
24905
24908
24908
24910
24911
24920
24920
24923
24928
24935
24935
24936
24945
24946
24946
24953
24956
24963
24964
24965
24970
24973
24977
24984
24984
24986
24990
24994
24995
24996
24998
25000
25006
25013
25020
25025
25029
25033
25037
25044
25047
25049
25054
25056
25056
25059
25061
25064
25067
25069
25077
25079
25087
25089
25100
25101
25105
25107
25114
25114
25116
25127
25128
25130
25132
25132
25136
25141
25142
25146
25152
25154
25156
25161
25169
25174
25175
25183
25183
25192
25196
25198
25202
25203
25214
25215
25216
25218
25219
25220
25220
25225
25225
25226
25228
25230
25231
25233
25234
25234
25242
25243
25248
25253
25254
25256
25258
25258
25270
25273
25278
25280
25282
25290
25294
25294
25294
25303
25312
25316
25319
25323
25328
25328
25329
25332
25339
25350
25352
25355
25357
25360
25360
25366
25369
25375
25377
25377
25381
25386
25392
25395
25397
25397
25406
25411
25419
25425
25431
25431
25432
25432
25443
25451
25452
25453
25453
25453
25459
25460
25462
25463
25465
25469
25469
25472
25472
25473
25476
25479
25485
25490
25490
25491
25491
25495
25497
25501
25504
25505
25509
25511
25511
25515
25517
25522
25524
25535
25536
25536
25543
25550
25551
25554
25555
25558
25565
25569
25572
25572
25572
25573
25574
25576
25580
25588
25602
25610
25612
25614
25618
25621
25632
25634
25641
25648
25648
25650
25656
25656
25657
25658
25661
25662
25665
25665
25673
25675
25676
25684
25689
25692
25695
25696
25696
25697
25700
25700
25701
25702
25706
25707
25713
25719
25723
25727
25729
25736
25743
25746
25748
25756
25760
25762
25766
25766
25769
25784
25787
25791
25796
25797
25799
25799
25802
25802
25818
25819
25822
25825
25833
25834
25841
25843
25845
25846
25848
25849
25850
25854
25854
25855
25855
25859
25861
25872
25874
25879
25879
25879
25882
25882
25885
25887
25891
25899
25904
25911
25914
25918
25919
25927
25929
25931
25931
25934
25936
25938
25941
25947
25948
25950
25953
25953
25954
25954
25958
25961
25961
25963
25976
25977
25980
25980
25982
25984
25987
25996
25999
26001
26005
26013
26015
26015
26020
26023
26032
26035
26037
26043
26056
26067
26069
26070
26072
26073
26073
26074
26075
26078
26078
26080
26081
26081
26084
26088
26092
26093
26094
26095
26097
26108
26113
26114
26116
26117
26120
26123
26126
26130
26131
26131
26131
26133
26134
26137
26141
26145
26150
26154
26159
26161
26163
26171
26172
26173
26174
26175
26186
26191
26192
26198
26208
26211
26212
26212
26218
26219
26220
26221
26230
26230
26232
26232
26233
26234
26237
26238
26238
26244
26245
26246
26248
26249
26250
26250
26252
26260
26264
26264
26275
26276
26278
26280
26290
26290
26292
26293
26302
26305
26306
26309
26310
26312
26312
26315
26316
26320
26321
26321
26329
26334
26341
26344
26353
26354
26357
26360
26360
26361
26362
26364
26365
26365
26366
26371
26377
26377
26378
26379
26395
26402
26406
26407
26410
26412
26416
26419
26421
26423
26424
26425
26430
26433
26433
26434
26438
26439
26441
26443
26448
26448
26453
26455
26458
26460
26466
26467
26468
26468
26474
26481
26486
26486
26495
26497
26498
26498
26499
26501
26504
26505
26505
26506
26512
26515
26532
26533
26533
26534
26535
26537
26541
26548
26551
26551
26555
26557
26557
26565
26566
26569
26572
26576
26590
26594
26596
26612
26625
26625
26626
26631
26644
26646
26651
26657
26662
26669
26671
26674
26678
26683
26683
26686
26692
26699
26700
26700
26709
26711
26714
26718
26723
26725
26728
26733
26734
26735
26736
26739
26747
26747
26754
26754
26755
26758
26761
26770
26775
26778
26782
26794
26798
26806
26808
26809
26816
26823
26833
26837
26838
26838
26841
26841
26848
26852
26860
26865
26870
26873
26879
26879
26881
26886
26893
26899
26908
26911
26914
26925
26927
26927
26928
26928
26931
26932
26940
26941
26946
26947
26949
26954
26964
26966
26973
26977
26978
26980
26982
26984
26986
26995
26998
27010
27011
27024
27027
27031
27032
27040
27041
27044
27045
27046
27049
27065
27070
27070
27078
27082
27082
27087
27088
27090
27092
27093
27102
27104
27104
27107
27108
27116
27116
27118
27119
27121
27125
27131
27132
27141
27143
27152
27154
27156
27157
27161
27175
27180
27180
27183
27188
27199
27199
27200
27200
27204
27205
27207
27218
27223
27225
27226
27228
27229
27233
27234
27238
27241
27252
27257
27259
27260
27261
27275
27276
27285
27288
27290
27292
27298
27300
27304
27306
27307
27308
27309
27309
27312
27313
27314
27320
27321
27329
27333
27335
27336
27339
27342
27344
27347
27355
27361
27365
27370
27374
27377
27377
27380
27383
27385
27387
27388
27398
27399
27400
27404
27405
27412
27413
27415
27416
27422
27426
27426
27427
27429
27433
27434
27434
27435
27444
27444
27447
27452
27454
27455
27455
27456
27456
27456
27464
27464
27467
27468
27469
27476
27486
27494
27495
27496
27497
27500
27500
27501
27504
27507
27519
27520
27523
27523
27524
27535
27540
27546
27548
27551
27552
27553
27558
27560
27562
27562
27563
27569
27570
27572
27580
27580
27592
27594
27595
27596
27602
27611
27611
27616
27620
27622
27624
27626
27629
27632
27636
27639
27640
27640
27643
27655
27660
27669
27671
27673
27674
27675
27677
27677
27684
27686
27688
27690
27693
27694
27696
27697
27700
27702
27703
27705
27712
27714
27720
27722
27724
27727
27728
27728
27737
27741
27743
27746
27748
27751
27759
27763
27764
27765
27769
27773
27774
27775
27775
27779
27781
27783
27790
27791
27796
27801
27804
27807
27819
27827
27831
27832
27832
27835
27838
27847
27851
27853
27854
27858
27860
27864
27870
27871
27878
27884
27890
27892
27892
27895
27896
27896
27898
27898
27899
27900
27914
27918
27921
27922
27925
27926
27927
27928
27931
27938
27938
27939
27944
27944
27944
27953
27960
27961
27967
27972
27981
27988
28003
28007
28012
28016
28019
28028
28030
28041
28041
28045
28050
28054
28054
28055
28057
28066
28069
28079
28082
28083
28085
28098
28101
28128
28129
28130
28131
28143
28150
28151
28154
28156
28160
28161
28161
28163
28168
28171
28172
28174
28184
28184
28190
28192
28197
28201
28205
28208
28210
28210
28212
28213
28214
28215
28216
28220
28224
28229
28231
28242
28246
28247
28247
28251
28255
28257
28260
28260
28267
28271
28276
28276
28276
28285
28286
28287
28290
28295
28310
28311
28314
28317
28318
28319
28320
28321
28322
28323
28326
28333
28346
28346
28347
28347
28354
28355
28362
28363
28370
28372
28372
28372
28374
28378
28379
28379
28383
28383
28386
28389
28392
28394
28395
28398
28404
28410
28411
28411
28420
28422
28425
28425
28428
28429
28433
28434
28442
28446
28449
28453
28455
28462
28464
28464
28466
28466
28470
28470
28471
28472
28490
28490
28495
28500
28503
28510
28515
28520
28521
28541
28543
28547
28547
28550
28551
28552
28557
28561
28563
28571
28571
28583
28584
28587
28590
28590
28593
28595
28596
28596
28598
28600
28602
28605
28608
28610
28614
28615
28617
28617
28617
28620
28624
28630
28633
28633
28636
28637
28641
28652
28656
28657
28659
28663
28667
28668
28669
28672
28683
28691
28692
28693
28693
28706
28712
28724
28725
28728
28728
28730
28731
28736
28738
28739
28743
28750
28752
28753
28753
28761
28763
28768
28769
28774
28774
28780
28781
28783
28785
28786
28790
28793
28796
28797
28800
28801
28804
28805
28806
28815
28818
28818
28819
28824
28828
28830
28831
28831
28832
28832
28833
28833
28847
28863
28867
28867
28870
28871
28897
28899
28899
28901
28906
28908
28910
28916
28917
28921
28922
28923
28928
28933
28933
28937
28948
28952
28952
28954
28954
28959
28965
28967
28968
28974
28976
28977
28978
28985
28986
28987
28990
28995
29004
29006
29006
29021
29024
29024
29027
29031
29040
29042
29042
29045
29046
29048
29048
29052
29058
29066
29068
29068
29068
29072
29074
29076
29077
29079
29090
29093
29094
29099
29099
29104
29106
29107
29108
29113
29113
29122
29124
29126
29127
29131
29134
29138
29139
29139
29142
29144
29144
29152
29153
29153
29159
29160
29161
29165
29166
29169
29169
29178
29181
29183
29185
29186
29186
29188
29190
29192
29197
29198
29200
29200
29201
29202
29209
29213
29214
29221
29223
29225
29232
29232
29233
29239
29242
29246
29250
29254
29259
29263
29264
29275
29279
29279
29279
29284
29286
29287
29287
29290
29297
29300
29301
29308
29321
29322
29323
29323
29326
29328
29330
29331
29332
29332
29334
29339
29339
29342
29351
29355
29357
29360
29370
29380
29384
29388
29397
29411
29412
29413
29415
29416
29421
29424
29436
29439
29448
29450
29460
29461
29463
29469
29472
29474
29475
29480
29486
29487
29499
29500
29504
29505
29512
29514
29517
29523
29524
29524
29529
29530
29531
29534
29539
29540
29540
29545
29545
29547
29556
29569
29569
29571
29573
29576
29576
29578
29581
29583
29585
29585
29586
29587
29589
29593
29598
29600
29607
29612
29613
29618
29623
29625
29632
29633
29635
29648
29665
29667
29667
29669
29675
29676
29680
29681
29683
29684
29684
29687
29696
29697
29701
29702
29702
29705
29708
29709
29709
29716
29723
29723
29725
29730
29731
29738
29739
29739
29741
29749
29754
29755
29756
29756
29758
29760
29760
29771
29771
29772
29774
29775
29778
29781
29783
29789
29793
29797
29797
29797
29803
29808
29819
29819
29820
29821
29822
29827
29837
29853
29855
29855
29856
29863
29865
29867
29871
29874
29875
29881
29883
29890
29902
29908
29912
29937
29937
29938
29938
29940
29944
29949
29957
29959
29959
29964
29964
29969
29970
29974
29976
29979
29990
29991
29991
29991
29993
30000
30008
30012
30013
30014
30016
30018
30021
30021
30022
30026
30027
30031
30036
30039
30044
30044
30044
30053
30054
30056
30062
30063
30065
30069
30070
30073
30074
30074
30075
30078
30081
30081
30082
30082
30083
30084
30085
30090
30091
30093
30093
30094
30099
30099
30109
30110
30120
30121
30131
30134
30136
30136
30137
30137
30151
30153
30155
30157
30158
30160
30171
30172
30176
30186
30197
30204
30208
30213
30217
30218
30218
30221
30222
30225
30230
30232
30233
30239
30240
30243
30248
30255
30262
30264
30266
30272
30273
30273
30274
30278
30286
30291
30291
30293
30294
30306
30309
30314
30316
30324
30324
30332
30332
30338
30343
30345
30346
30347
30349
30350
30358
30360
30361
30361
30362
30364
30368
30372
30374
30385
30386
30389
30393
30394
30395
30395
30403
30406
30413
30420
30425
30428
30431
30432
30434
30445
30451
30451
30453
30454
30457
30458
30458
30459
30463
30466
30466
30470
30481
30481
30481
30483
30487
30492
30495
30495
30504
30515
30515
30526
30527
30531
30535
30537
30548
30549
30562
30562
30563
30563
30565
30573
30574
30576
30581
30584
30587
30596
30596
30600
30601
30604
30607
30611
30618
30619
30620
30635
30642
30642
30650
30657
30660
30661
30662
30663
30663
30666
30670
30675
30680
30694
30700
30702
30703
30704
30709
30712
30714
30717
30726
30726
30730
30734
30736
30736
30736
30737
30744
30746
30746
30751
30751
30751
30753
30753
30758
30768
30768
30773
30773
30773
30773
30774
30775
30782
30787
30791
30804
30805
30807
30811
30815
30816
30821
30823
30824
30825
30825
30830
30835
30835
30837
30842
30844
30844
30846
30855
30856
30857
30859
30864
30869
30871
30872
30876
30880
30883
30884
30886
30888
30889
30890
30894
30894
30898
30898
30900
30902
30902
30903
30904
30904
30907
30910
30919
30919
30925
30931
30934
30937
30941
30945
30949
30953
30958
30959
30960
30970
30972
30975
30981
30990
30993
30993
30999
31002
31003
31005
31005
31007
31015
31017
31022
31023
31025
31026
31027
31029
31029
31033
31035
31035
31042
31043
31046
31047
31047
31050
31055
31055
31061
31065
31067
31071
31077
31079
31080
31080
31081
31082
31088
31094
31098
31102
31103
31106
31113
31113
31116
31116
31118
31125
31126
31126
31127
31128
31145
31147
31149
31150
31154
31160
31161
31166
31167
31167
31168
31175
31176
31176
31177
31178
31184
31191
31205
31210
31216
31229
31231
31231
31233
31233
31234
31237
31245
31247
31252
31253
31257
31265
31265
31266
31270
31270
31275
31275
31276
31280
31280
31281
31282
31282
31284
31287
31293
31301
31309
31318
31319
31320
31321
31324
31329
31333
31334
31338
31348
31351
31354
31355
31356
31359
31359
31359
31364
31365
31371
31373
31374
31380
31381
31385
31390
31394
31397
31398
31400
31406
31408
31412
31414
31424
31425
31431
31432
31434
31437
31446
31452
31457
31461
31475
31478
31478
31480
31481
31484
31487
31490
31490
31498
31501
31502
31509
31510
31513
31515
31516
31516
31520
31523
31525
31526
31526
31527
31533
31535
31546
31553
31554
31561
31562
31572
31575
31580
31586
31588
31589
31594
31595
31597
31598
31603
31608
31608
31614
31619
31623
31623
31627
31629
31631
31632
31633
31637
31638
31639
31640
31650
31653
31654
31656
31658
31658
31659
31661
31668
31673
31674
31674
31676
31693
31694
31702
31702
31703
31706
31706
31716
31723
31728
31730
31730
31732
31740
31741
31742
31744
31746
31750
31751
31752
31762
31763
31769
31770
31772
31774
31774
31775
31778
31781
31783
31785
31786
31790
31793
31805
31805
31807
31810
31817
31818
31822
31825
31836
31839
31841
31843
31847
31857
31862
31868
31868
31869
31874
31879
31882
31884
31887
31889
31890
31890
31891
31895
31896
31898
31919
31926
31931
31932
31934
31935
31936
31942
31946
31952
31952
31953
31954
31958
31971
31973
31976
31977
31986
31991
31994
32002
32003
32005
32013
32016
32018
32031
32031
32031
32032
32041
32042
32042
32049
32052
32055
32067
32070
32070
32071
32074
32074
32078
32078
32079
32081
32083
32085
32089
32092
32092
32094
32094
32104
32110
32113
32120
32124
32127
32128
32131
32133
32133
32133
32138
32139
32139
32141
32149
32154
32156
32157
32157
32159
32163
32168
32170
32170
32173
32176
32182
32185
32187
32191
32195
32198
32202
32205
32207
32215
32215
32217
32217
32219
32222
32226
32226
32227
32236
32239
32241
32242
32244
32245
32247
32247
32253
32255
32259
32260
32270
32277
32279
32280
32285
32286
32287
32289
32289
32292
32293
32293
32295
32295
32297
32322
32324
32326
32327
32328
32334
32335
32338
32347
32353
32355
32355
32356
32365
32369
32370
32370
32373
32377
32381
32382
32383
32391
32391
32398
32399
32399
32404
32406
32407
32413
32421
32422
32422
32426
32434
32438
32441
32442
32443
32446
32448
32451
32451
32455
32459
32459
32462
32464
32473
32473
32474
32481
32483
32488
32489
32492
32493
32500
32501
32501
32510
32515
32520
32521
32524
32530
32531
32533
32535
32537
32538
32538
32540
32540
32541
32542
32544
32548
32551
32551
32570
32573
32577
32596
32596
32617
32618
32625
32630
32633
32638
32639
32645
32647
32651
32653
32658
32658
32659
32661
32661
32665
32667
32667
32669
32669
32672
32675
32678
32678
32686
32687
32691
32696
32696
32697
32697
32703
32705
32706
32721
32721
32721
32723
32726
32726
32726
32744
32746
32749
32750
32752
32761
