10000
0
9
9
28
31
34
35
36
37
43
44
53
54
63
64
72
86
87
93
97
104
109
112
115
118
127
127
131
137
140
144
148
152
152
153
154
161
167
168
169
191
195
197
199
201
208
209
211
212
226
229
234
240
241
247
248
251
255
262
264
266
266
268
270
273
276
276
280
284
290
292
295
297
299
300
307
309
313
316
317
317
318
329
329
333
334
343
345
346
347
351
358
358
366
369
373
374
377
377
380
385
390
392
394
394
399
401
402
402
408
413
419
421
429
430
431
432
432
433
436
440
446
453
458
462
463
467
470
473
476
476
477
479
484
484
490
492
492
499
501
505
506
512
512
515
519
520
527
531
538
556
558
558
559
568
569
569
572
573
573
575
580
580
581
582
582
584
585
588
594
596
598
601
602
604
604
605
606
607
619
619
619
623
625
634
638
638
642
644
645
651
653
659
659
669
672
674
675
675
676
676
684
686
692
699
701
705
706
706
719
721
721
729
732
736
742
746
750
751
755
758
766
768
768
769
772
772
773
775
780
784
786
788
789
790
796
797
797
800
800
804
808
809
813
813
817
818
821
822
823
828
840
847
848
849
855
862
870
878
880
889
891
891
892
896
901
901
904
910
911
920
920
925
931
932
943
951
954
958
965
966
967
974
975
976
978
984
988
996
1001
1002
1002
1002
1004
1006
1012
1013
1016
1021
1022
1023
1029
1043
1047
1051
1058
1060
1069
1079
1080
1081
1088
1089
1094
1097
1101
1102
1106
1109
1111
1112
1115
1117
1118
1124
1124
1124
1125
1128
1131
1134
1138
1149
1172
1180
1186
1193
1195
1214
1215
1219
1224
1227
1228
1231
1233
1236
1237
1237
1240
1242
1243
1247
1247
1248
1248
1249
1251
1254
1262
1265
1269
1272
1278
1279
1280
1283
1285
1288
1288
1288
1289
1290
1290
1292
1302
1304
1306
1314
1318
1321
1323
1323
1325
1330
1338
1341
1348
1348
1352
1355
1360
1364
1367
1379
1380
1384
1388
1394
1396
1399
1402
1410
1413
1417
1420
1425
1434
1434
1443
1445
1450
1452
1453
1455
1457
1467
1473
1473
1474
1476
1482
1483
1484
1487
1487
1494
1495
1498
1498
1499
1506
1508
1515
1518
1521
1522
1526
1526
1529
1535
1539
1542
1544
1548
1549
1552
1557
1558
1562
1563
1565
1567
1572
1582
1589
1590
1594
1597
1612
1613
1616
1617
1618
1628
1629
1630
1635
1637
1637
1642
1646
1655
1657
1658
1661
1663
1666
1672
1673
1674
1676
1677
1677
1680
1688
1690
1693
1697
1703
1703
1705
1717
1722
1726
1733
1733
1738
1742
1744
1744
1748
1749
1752
1762
1763
1771
1772
1775
1779
1780
1782
1786
1787
1787
1788
1796
1801
1810
1812
1819
1825
1826
1828
1830
1833
1835
1835
1838
1840
1843
1845
1849
1850
1852
1855
1857
1859
1871
1883
1884
1884
1887
1888
1890
1892
1904
1907
1910
1913
1917
1917
1923
1923
1927
1934
1941
1942
1947
1949
1953
1957
1957
1963
1967
1967
1971
1973
1975
1978
1979
1984
1988
1989
1995
1996
1997
2002
2002
2007
2011
2016
2023
2027
2030
2031
2035
2038
2040
2041
2043
2046
2048
2049
2049
2050
2055
2055
2063
2063
2068
2076
2077
2080
2086
2093
2093
2102
2104
2107
2109
2112
2119
2126
2130
2134
2134
2135
2140
2145
2146
2148
2151
2157
2158
2160
2161
2161
2162
2167
2168
2168
2168
2169
2174
2175
2177
2178
2184
2204
2206
2209
2209
2212
2216
2219
2226
2227
2227
2229
2238
2238
2242
2250
2251
2251
2252
2258
2261
2272
2274
2275
2275
2276
2277
2277
2278
2281
2287
2288
2294
2297
2298
2300
2308
2311
2311
2313
2313
2314
2322
2324
2325
2334
2335
2343
2343
2347
2357
2359
2360
2362
2363
2363
2364
2367
2367
2370
2378
2383
2384
2387
2387
2391
2395
2395
2401
2405
2410
2412
2415
2424
2427
2430
2431
2436
2437
2442
2442
2445
2454
2455
2455
2462
2467
2467
2470
2475
2481
2486
2486
2488
2490
2491
2493
2494
2495
2496
2500
2505
2505
2506
2513
2515
2516
2525
2526
2529
2530
2534
2534
2539
2543
2548
2549
2552
2552
2552
2562
2565
2566
2569
2575
2578
2578
2580
2583
2584
2584
2585
2585
2589
2604
2606
2609
2609
2613
2614
2621
2622
2624
2625
2626
2627
2627
2628
2629
2631
2633
2641
2642
2643
2644
2647
2647
2647
2650
2653
2657
2661
2663
2665
2668
2678
2682
2685
2686
2694
2694
2696
2700
2704
2708
2720
2722
2730
2731
2734
2737
2741
2742
2743
2745
2745
2746
2750
2762
2763
2765
2768
2768
2770
2772
2784
2791
2794
2796
2802
2804
2811
2813
2814
2821
2825
2827
2832
2833
2833
2835
2838
2842
2858
2863
2865
2866
2870
2875
2877
2878
2889
2895
2896
2897
2897
2900
2906
2907
2908
2912
2918
2923
2923
2926
2927
2934
2934
2938
2950
2956
2960
2965
2976
2977
2986
2987
2988
2988
2990
2991
2992
2996
2999
3002
3013
3016
3017
3024
3032
3033
3035
3044
3046
3047
3052
3054
3057
3064
3066
3069
3073
3081
3088
3090
3096
3098
3101
3102
3109
3112
3121
3122
3123
3125
3127
3127
3131
3132
3135
3135
3141
3143
3148
3150
3150
3158
3160
3175
3177
3180
3181
3181
3185
3187
3189
3189
3190
3192
3193
3204
3225
3226
3227
3229
3236
3237
3241
3244
3244
3245
3246
3246
3251
3252
3257
3261
3263
3266
3266
3267
3268
3270
3277
3284
3284
3286
3288
3288
3294
3297
3304
3305
3305
3306
3307
3313
3315
3321
3324
3327
3332
3341
3341
3345
3346
3350
3351
3353
3353
3354
3356
3359
3363
3370
3371
3371
3374
3378
3379
3381
3381
3382
3391
3393
3394
3398
3399
3401
3402
3412
3417
3418
3421
3426
3430
3434
3440
3444
3445
3447
3451
3461
3466
3468
3474
3475
3475
3476
3478
3479
3481
3481
3487
3490
3490
3491
3494
3495
3503
3503
3508
3512
3514
3518
3520
3520
3521
3521
3528
3536
3537
3537
3537
3540
3541
3541
3545
3545
3545
3550
3553
3558
3558
3560
3561
3563
3563
3568
3569
3574
3580
3581
3582
3584
3587
3587
3590
3593
3595
3600
3601
3602
3604
3604
3610
3618
3627
3629
3636
3644
3645
3646
3655
3658
3661
3666
3668
3668
3669
3674
3676
3681
3682
3687
3696
3698
3706
3709
3716
3716
3719
3720
3722
3724
3728
3734
3742
3745
3746
3752
3758
3771
3771
3778
3779
3792
3795
3795
3796
3798
3803
3812
3813
3818
3819
3824
3830
3832
3833
3840
3845
3847
3847
3859
3862
3866
3867
3871
3873
3878
3879
3879
3880
3880
3881
3881
3884
3887
3888
3892
3906
3909
3910
3912
3914
3915
3927
3929
3929
3930
3932
3939
3941
3951
3955
3956
3957
3959
3959
3969
3971
3974
3977
3979
3981
3982
3984
3986
3990
3996
4004
4015
4021
4024
4025
4026
4028
4030
4035
4036
4037
4039
4042
4045
4050
4051
4055
4058
4060
4061
4062
4068
4075
4080
4080
4086
4096
4101
4116
4119
4123
4128
4131
4138
4145
4146
4157
4157
4157
4163
4163
4170
4181
4181
4192
4202
4205
4206
4215
4220
4225
4227
4233
4234
4248
4251
4253
4256
4256
4257
4258
4259
4269
4271
4273
4273
4275
4275
4276
4276
4283
4287
4291
4292
4294
4295
4299
4302
4305
4307
4310
4310
4310
4314
4315
4323
4327
4332
4338
4339
4342
4342
4342
4349
4351
4354
4356
4357
4358
4366
4366
4371
4374
4379
4381
4381
4381
4386
4387
4402
4405
4407
4408
4412
4413
4415
4417
4424
4427
4429
4432
4433
4438
4438
4445
4445
4447
4451
4451
4451
4453
4470
4471
4472
4474
4475
4480
4480
4481
4481
4485
4493
4495
4498
4498
4506
4507
4508
4509
4511
4521
4526
4526
4526
4526
4532
4534
4543
4543
4546
4548
4549
4552
4558
4570
4574
4577
4577
4578
4581
4585
4588
4589
4590
4591
4593
4594
4596
4596
4598
4603
4605
4607
4618
4621
4627
4629
4630
4634
4638
4641
4649
4651
4667
4680
4681
4685
4689
4694
4700
4700
4702
4704
4705
4709
4718
4718
4719
4722
4723
4726
4728
4728
4735
4743
4746
4747
4754
4756
4757
4764
4765
4774
4778
4782
4782
4787
4789
4792
4792
4797
4799
4804
4808
4815
4823
4825
4829
4829
4830
4835
4844
4847
4853
4856
4861
4862
4866
4866
4866
4868
4869
4869
4869
4879
4880
4882
4889
4890
4892
4893
4894
4896
4896
4901
4902
4915
4916
4917
4925
4926
4932
4933
4933
4934
4935
4938
4940
4941
4943
4946
4950
4953
4954
4964
4965
4968
4969
4971
4973
4973
4978
4985
4987
4988
4989
4989
4991
4993
4995
4999
5000
5001
5003
5009
5009
5010
5011
5016
5017
5031
5038
5055
5055
5057
5060
5063
5069
5074
5079
5079
5082
5089
5091
5092
5093
5098
5101
5103
5104
5104
5104
5111
5113
5113
5118
5130
5131
5131
5138
5142
5146
5147
5151
5152
5153
5162
5163
5164
5165
5172
5172
5177
5184
5190
5191
5193
5207
5211
5213
5222
5224
5228
5231
5231
5232
5236
5242
5246
5248
5251
5253
5256
5257
5266
5274
5275
5281
5281
5283
5287
5289
5290
5291
5292
5292
5292
5298
5299
5304
5306
5316
5318
5322
5332
5333
5341
5343
5344
5347
5351
5355
5357
5358
5370
5373
5379
5382
5386
5387
5387
5390
5398
5412
5413
5417
5417
5420
5422
5423
5425
5429
5429
5433
5442
5442
5444
5445
5445
5445
5447
5449
5455
5456
5459
5459
5464
5467
5469
5478
5486
5489
5507
5509
5513
5516
5522
5523
5525
5530
5530
5532
5534
5535
5537
5537
5538
5541
5541
5548
5549
5549
5549
5550
5551
5551
5552
5556
5561
5566
5570
5573
5573
5577
5579
5581
5583
5586
5591
5594
5599
5606
5607
5609
5610
5610
5611
5612
5620
5621
5622
5628
5632
5651
5654
5656
5674
5678
5685
5687
5698
5700
5702
5706
5716
5721
5722
5724
5724
5725
5726
5727
5728
5728
5728
5734
5735
5736
5741
5745
5746
5754
5757
5761
5763
5764
5765
5766
5766
5770
5771
5776
5776
5777
5779
5779
5782
5784
5785
5786
5792
5793
5795
5798
5802
5808
5812
5813
5814
5819
5820
5822
5830
5835
5846
5847
5848
5849
5852
5852
5854
5858
5859
5863
5864
5868
5868
5868
5871
5872
5877
5877
5887
5887
5891
5892
5895
5898
5902
5903
5907
5918
5922
5928
5930
5932
5936
5941
5941
5944
5945
5947
5948
5952
5952
5969
5971
5974
5975
5975
5982
5982
5982
5990
6014
6015
6017
6019
6021
6029
6031
6031
6035
6037
6038
6039
6039
6046
6052
6056
6067
6069
6080
6082
6087
6089
6090
6090
6092
6113
6117
6120
6123
6127
6131
6132
6133
6136
6140
6140
6147
6148
6153
6154
6158
6159
6159
6162
6168
6169
6169
6171
6172
6176
6177
6187
6187
6188
6193
6194
6200
6202
6203
6204
6204
6206
6208
6216
6219
6228
6229
6230
6236
6237
6248
6248
6248
6253
6253
6256
6260
6262
6279
6285
6285
6287
6290
6296
6297
6298
6301
6303
6304
6305
6307
6307
6310
6325
6330
6333
6334
6334
6347
6351
6351
6355
6356
6358
6362
6365
6371
6378
6386
6391
6391
6393
6394
6394
6397
6401
6401
6407
6411
6412
6413
6413
6415
6428
6434
6450
6451
6452
6455
6457
6468
6471
6471
6472
6481
6482
6485
6489
6490
6492
6493
6495
6497
6500
6503
6504
6506
6511
6513
6516
6519
6526
6529
6536
6537
6542
6542
6549
6557
6559
6565
6572
6574
6575
6575
6576
6585
6585
6589
6592
6592
6599
6603
6604
6604
6605
6608
6608
6609
6611
6615
6637
6653
6653
6656
6666
6671
6674
6675
6679
6684
6690
6692
6693
6702
6704
6707
6709
6709
6716
6717
6719
6723
6723
6724
6729
6731
6735
6739
6741
6744
6747
6748
6755
6758
6771
6774
6776
6780
6785
6787
6790
6792
6797
6798
6798
6800
6804
6804
6806
6807
6816
6822
6822
6823
6825
6825
6826
6833
6833
6836
6837
6840
6841
6846
6851
6851
6858
6858
6859
6860
6867
6869
6869
6869
6871
6871
6875
6882
6886
6887
6887
6893
6895
6897
6899
6899
6903
6915
6919
6920
6921
6927
6927
6928
6931
6931
6934
6946
6951
6952
6952
6961
6964
6966
6967
6967
6973
6973
6976
6976
6982
6986
6989
6992
7000
7001
7009
7011
7016
7021
7031
7039
7043
7046
7046
7047
7048
7048
7051
7057
7060
7063
7063
7066
7069
7077
7080
7081
7082
7086
7095
7096
7104
7107
7107
7108
7108
7111
7121
7123
7137
7143
7144
7145
7146
7147
7148
7150
7153
7153
7166
7168
7170
7174
7175
7175
7176
7178
7181
7181
7186
7193
7195
7196
7196
7198
7203
7205
7206
7210
7212
7218
7225
7229
7229
7230
7230
7230
7230
7231
7238
7243
7254
7255
7256
7257
7258
7258
7260
7262
7266
7272
7276
7284
7285
7285
7289
7294
7301
7305
7310
7312
7315
7315
7315
7316
7327
7327
7329
7337
7342
7349
7357
7360
7364
7375
7382
7385
7390
7391
7393
7398
7399
7403
7404
7406
7416
7417
7425
7428
7430
7434
7434
7434
7450
7459
7465
7466
7467
7473
7483
7487
7502
7502
7504
7506
7513
7518
7529
7530
7531
7536
7539
7548
7560
7568
7571
7572
7578
7582
7597
7601
7602
7603
7609
7609
7609
7611
7611
7612
7612
7613
7617
7620
7622
7622
7625
7629
7629
7633
7636
7638
7639
7644
7646
7654
7655
7658
7661
7666
7666
7667
7668
7672
7672
7675
7677
7680
7682
7695
7715
7716
7719
7724
7725
7725
7726
7726
7727
7727
7729
7730
7742
7746
7749
7751
7753
7753
7754
7762
7766
7768
7770
7772
7773
7777
7784
7787
7788
7789
7793
7797
7800
7801
7803
7803
7804
7807
7811
7812
7814
7816
7816
7818
7819
7822
7824
7825
7829
7830
7833
7833
7834
7835
7835
7840
7849
7850
7853
7854
7857
7867
7868
7870
7871
7872
7877
7877
7882
7885
7885
7892
7892
7906
7911
7912
7912
7919
7921
7922
7924
7925
7926
7938
7938
7939
7941
7942
7945
7953
7954
7958
7961
7965
7967
7970
7973
7975
7978
7986
7990
7992
7999
8025
8035
8036
8036
8043
8053
8070
8072
8092
8110
8121
8121
8125
8125
8130
8132
8135
8137
8138
8139
8145
8153
8157
8161
8167
8168
8168
8172
8178
8179
8180
8182
8185
8187
8187
8194
8197
8204
8208
8218
8219
8220
8226
8229
8229
8234
8243
8250
8252
8255
8256
8262
8263
8264
8267
8268
8268
8270
8274
8279
8280
8284
8287
8289
8291
8294
8294
8297
8298
8307
8311
8312
8314
8315
8316
8320
8323
8329
8335
8338
8339
8339
8356
8357
8364
8365
8365
8371
8374
8375
8376
8387
8395
8397
8400
8404
8405
8409
8410
8410
8410
8413
8415
8416
8416
8416
8417
8419
8420
8426
8435
8440
8442
8449
8453
8455
8458
8461
8465
8466
8467
8467
8478
8480
8486
8492
8498
8499
8502
8502
8503
8506
8506
8507
8509
8514
8521
8525
8533
8536
8537
8540
8543
8549
8554
8554
8554
8559
8561
8561
8564
8568
8573
8584
8584
8586
8593
8594
8599
8600
8614
8616
8617
8617
8623
8629
8635
8636
8642
8643
8651
8652
8660
8663
8664
8669
8670
8680
8686
8688
8696
8697
8708
8709
8713
8713
8723
8730
8742
8743
8746
8746
8751
8752
8752
8758
8761
8767
8769
8769
8770
8770
8770
8776
8777
8779
8779
8785
8788
8789
8791
8791
8797
8802
8805
8808
8809
8810
8814
8819
8825
8825
8825
8830
8832
8838
8850
8851
8860
8862
8864
8866
8873
8879
8880
8881
8881
8883
8885
8889
8892
8892
8897
8897
8907
8908
8909
8915
8917
8918
8920
8934
8935
8937
8939
8944
8946
8948
8955
8960
8969
8970
8974
8979
8979
8982
8983
8993
8994
8995
8998
9007
9008
9009
9023
9025
9031
9036
9039
9039
9042
9043
9044
9047
9047
9048
9050
9052
9056
9061
9065
9071
9086
9094
9103
9106
9114
9114
9115
9115
9121
9125
9126
9142
9149
9159
9170
9172
9172
9172
9173
9176
9178
9185
9189
9196
9197
9198
9201
9209
9225
9225
9228
9233
9236
9237
9238
9238
9247
9269
9272
9273
9279
9282
9283
9284
9284
9298
9299
9301
9303
9309
9312
9316
9317
9317
9319
9321
9322
9324
9331
9334
9335
9335
9337
9338
9338
9338
9345
9347
9347
9347
9357
9357
9359
9364
9368
9370
9372
9374
9385
9386
9387
9389
9392
9393
9399
9401
9404
9407
9420
9422
9423
9425
9438
9438
9441
9442
9445
9447
9458
9458
9460
9462
9466
9466
9467
9467
9468
9475
9487
9490
9495
9497
9500
9503
9505
9506
9507
9509
9511
9523
9523
9529
9536
9538
9539
9541
9541
9541
9556
9569
9573
9596
9596
9616
9624
9629
9633
9636
9639
9643
9643
9654
9655
9664
9666
9667
9674
9674
9679
9683
9684
9690
9698
9701
9702
9703
9706
9710
9710
9712
9713
9722
9726
9729
9731
9732
9737
9739
9744
9747
9749
9750
9756
9760
9762
9768
9774
9776
9779
9780
9781
9789
9792
9795
9800
9801
9802
9802
9805
9805
9807
9809
9816
9818
9818
9819
9823
9824
9825
9825
9830
9834
9837
9838
9840
9843
9848
9848
9849
9854
9856
9858
9860
9860
9861
9861
9864
9865
9866
9868
9872
9872
9876
9882
9884
9885
9886
9886
9889
9889
9891
9900
9909
9910
9912
9914
9914
9918
9919
9925
9925
9928
9928
9931
9934
9934
9940
9943
9945
9948
9951
9956
9956
9972
9977
9988
9989
9992
9993
9995
9996
10009
10012
10013
10016
10016
10017
10018
10022
10024
10025
10025
10027
10031
10033
10034
10054
10055
10060
10068
10068
10071
10072
10074
10074
10075
10078
10083
10083
10084
10086
10089
10089
10094
10101
10103
10104
10107
10108
10109
10111
10111
10112
10113
10115
10115
10117
10118
10121
10126
10127
10130
10133
10137
10138
10138
10144
10148
10149
10151
10151
10154
10158
10163
10163
10166
10167
10170
10171
10177
10184
10188
10188
10190
10191
10192
10193
10195
10196
10198
10199
10205
10209
10210
10216
10220
10222
10224
10226
10228
10229
10230
10231
10232
10236
10241
10243
10249
10259
10260
10268
10272
10275
10280
10281
10287
10287
10288
10290
10298
10298
10298
10299
10300
10303
10304
10306
10311
10312
10313
10317
10319
10324
10325
10328
10331
10332
10336
10355
10355
10356
10363
10363
10365
10367
10376
10379
10382
10383
10384
10385
10388
10394
10404
10405
10406
10413
10413
10415
10415
10420
10426
10427
10427
10428
10429
10433
10435
10438
10444
10452
10453
10454
10454
10463
10465
10466
10471
10471
10475
10478
10479
10479
10481
10487
10487
10493
10495
10496
10500
10502
10514
10519
10524
10524
10528
10529
10531
10535
10536
10537
10541
10541
10545
10551
10552
10553
10558
10561
10561
10564
10566
10568
10571
10576
10588
10589
10590
10590
10594
10595
10599
10602
10607
10610
10614
10620
10639
10640
10640
10641
10647
10652
10657
10657
10661
10665
10665
10666
10669
10669
10673
10673
10681
10681
10683
10689
10694
10696
10697
10697
10700
10709
10714
10723
10725
10725
10727
10737
10738
10742
10751
10752
10752
10752
10753
10753
10757
10759
10764
10768
10769
10773
10773
10776
10782
10782
10782
10783
10783
10787
10796
10797
10799
10804
10804
10805
10806
10809
10810
10815
10816
10816
10818
10820
10822
10828
10832
10833
10836
10837
10838
10839
10841
10841
10853
10864
10872
10873
10873
10874
10875
10876
10878
10880
10881
10886
10887
10887
10892
10894
10896
10898
10899
10899
10899
10904
10905
10906
10909
10914
10919
10925
10928
10928
10931
10936
10941
10955
10957
10958
10958
10961
10972
10975
10981
10982
10988
10996
11000
11001
11003
11014
11016
11016
11019
11020
11021
11024
11024
11025
11029
11030
11037
11037
11042
11043
11044
11047
11050
11055
11059
11061
11061
11065
11066
11068
11073
11076
11080
11081
11082
11085
11086
11093
11099
11105
11107
11113
11117
11118
11119
11119
11120
11123
11124
11133
11136
11139
11144
11146
11148
11149
11152
11154
11160
11161
11169
11169
11179
11183
11184
11203
11213
11222
11222
11229
11230
11236
11239
11242
11244
11245
11247
11255
11256
11264
11266
11271
11271
11280
11281
11281
11288
11290
11298
11307
11308
11311
11314
11316
11319
11325
11325
11330
11334
11336
11337
11341
11341
11342
11342
11344
11355
11361
11361
11361
11362
11364
11365
11365
11370
11371
11375
11376
11379
11382
11384
11386
11399
11401
11408
11416
11420
11422
11425
11431
11433
11435
11441
11442
11457
11462
11472
11474
11483
11486
11490
11492
11498
11501
11503
11503
11505
11509
11515
11521
11522
11534
11537
11542
11550
11552
11554
11557
11561
11563
11563
11564
11564
11567
11569
11570
11573
11577
11578
11580
11586
11589
11594
11595
11600
11602
11605
11607
11609
11611
11612
11624
11628
11631
11634
11638
11639
11640
11642
11644
11648
11652
11653
11654
11658
11661
11661
11661
11662
11666
11667
11667
11669
11680
11687
11690
11695
11695
11696
11696
11698
11709
11714
11715
11716
11717
11723
11727
11737
11740
11745
11745
11749
11751
11752
11755
11758
11767
11772
11773
11776
11777
11782
11783
11785
11785
11791
11795
11796
11796
11798
11805
11814
11815
11817
11828
11828
11831
11831
11832
11834
11835
11837
11840
11843
11853
11855
11862
11864
11865
11866
11869
11869
11878
11881
11884
11885
11891
11904
11908
11911
11911
11911
11915
11917
11933
11938
11941
11943
11944
11947
11956
11956
11959
11959
11960
11962
11964
11970
11973
11974
11976
11977
11981
11988
11991
12006
12006
12007
12009
12012
12014
12016
12020
12021
12022
12025
12031
12034
12035
12037
12040
12042
12047
12051
12054
12060
12063
12065
12070
12083
12086
12088
12093
12097
12100
12100
12101
12102
12103
12104
12105
12112
12113
12116
12126
12126
12131
12134
12141
12143
12149
12152
12163
12173
12174
12174
12174
12177
12178
12178
12183
12184
12184
12184
12184
12185
12186
12190
12193
12193
12199
12205
12207
12208
12217
12225
12226
12229
12231
12234
12241
12241
12253
12254
12255
12261
12266
12268
12275
12280
12281
12281
12285
12285
12291
12292
12294
12294
12305
12310
12314
12319
12322
12329
12333
12334
12341
12351
12353
12354
12359
12360
12360
12361
12363
12364
12365
12372
12372
12375
12375
12378
12380
12383
12393
12397
12400
12401
12403
12405
12405
12408
12409
12416
12420
12436
12436
12439
12448
12451
12452
12452
12453
12459
12459
12465
12480
12481
12482
12486
12488
12490
12493
12511
12517
12518
12520
12521
12524
12525
12526
12530
12534
12541
12542
12546
12547
12552
12552
12553
12555
12556
12556
12561
12562
12567
12571
12572
12573
12579
12579
12581
12588
12590
12596
12603
12604
12605
12605
12606
12610
12612
12614
12626
12626
12627
12630
12631
12637
12638
12639
12640
12644
12645
12647
12651
12654
12655
12669
12670
12672
12674
12676
12677
12679
12681
12681
12691
12698
12706
12722
12725
12728
12728
12732
12737
12738
12743
12747
12749
12765
12766
12777
12780
12787
12788
12789
12790
12791
12792
12793
12801
12803
12804
12805
12808
12810
12810
12816
12825
12831
12834
12838
12851
12859
12861
12861
12864
12865
12868
12871
12877
12879
12882
12882
12885
12888
12892
12905
12908
12908
12915
12916
12918
12919
12925
12927
12931
12943
12943
12944
12947
12951
12951
12953
12954
12956
12965
12968
12975
12976
12976
12981
12987
12991
12993
12999
13003
13003
13004
13005
13010
13010
13011
13012
13016
13021
13023
13024
13029
13034
13039
13041
13047
13047
13054
13056
13056
13059
13059
13060
13062
13063
13067
13068
13069
13070
13072
13074
13077
13080
13081
13082
13082
13084
13089
13089
13089
13090
13090
13098
13099
13106
13107
13109
13110
13114
13114
13117
13119
13122
13127
13131
13132
13133
13138
13139
13139
13146
13148
13156
13158
13159
13172
13178
13181
13183
13183
13187
13189
13196
13197
13210
13212
13217
13218
13220
13223
13229
13231
13232
13234
13241
13243
13244
13249
13249
13249
13251
13253
13259
13261
13266
13268
13268
13268
13269
13272
13276
13279
13286
13287
13291
13292
13299
13300
13300
13303
13304
13319
13320
13326
13336
13337
13346
13350
13351
13354
13355
13362
13364
13364
13366
13370
13371
13372
13373
13380
13383
13387
13390
13396
13401
13404
13408
13418
13420
13428
13433
13433
13434
13441
13445
13470
13471
13473
13480
13481
13481
13483
13485
13485
13487
13487
13490
13492
13494
13499
13505
13510
13510
13524
13525
13532
13534
13543
13545
13546
13546
13547
13554
13555
13560
13563
13563
13565
13578
13580
13582
13584
13589
13590
13590
13591
13593
13601
13606
13608
13621
13626
13627
13628
13630
13633
13635
13637
13639
13641
13647
13647
13648
13658
13659
13665
13667
13671
13671
13673
13678
13687
13691
13692
13693
13694
13700
13702
13704
13705
13708
13709
13714
13725
13737
13738
13739
13741
13741
13747
13761
13765
13774
13777
13777
13777
13785
13785
13797
13798
13800
13808
13811
13812
13813
13831
13835
13841
13841
13851
13854
13858
13865
13866
13868
13880
13882
13882
13887
13888
13891
13903
13908
13909
13910
13913
13918
13922
13925
13925
13925
13928
13929
13929
13931
13938
13948
13948
13949
13950
13951
13952
13973
13975
13976
13982
13982
13984
13986
13988
13989
13994
13994
13996
13996
13996
13996
13998
13998
14002
14002
14004
14007
14007
14008
14013
14019
14020
14026
14035
14036
14038
14041
14054
14056
14057
14059
14061
14062
14063
14066
14072
14073
14073
14074
14075
14077
14082
14092
14095
14096
14098
14101
14104
14106
14110
14115
14121
14122
14123
14123
14124
14125
14127
14131
14131
14132
14133
14136
14145
14150
14152
14158
14159
14161
14162
14167
14168
14172
14174
14175
14181
14187
14192
14202
14202
14205
14205
14208
14210
14220
14221
14223
14224
14226
14228
14233
14234
14236
14236
14247
14248
14249
14254
14255
14260
14266
14272
14276
14276
14278
14279
14279
14284
14288
14291
14296
14302
14303
14304
14305
14312
14314
14320
14320
14321
14325
14326
14334
14345
14345
14348
14350
14354
14357
14360
14362
14388
14394
14395
14399
14414
14416
14419
14419
14427
14429
14430
14432
14435
14436
14445
14446
14448
14451
14451
14453
14453
14453
14457
14459
14460
14461
14467
14478
14478
14482
14483
14489
14494
14498
14499
14507
14507
14508
14510
14511
14514
14514
14515
14515
14518
14519
14519
14519
14524
14525
14528
14529
14531
14533
14534
14536
14538
14541
14543
14545
14563
14571
14572
14574
14578
14582
14588
14588
14589
14590
14591
14593
14595
14597
14607
14621
14634
14637
14645
14647
14652
14657
14666
14669
14673
14677
14681
14684
14685
14685
14686
14698
14703
14708
14713
14716
14717
14722
14729
14730
14733
14734
14737
14738
14743
14745
14749
14751
14752
14754
14765
14767
14770
14771
14771
14775
14775
14778
14779
14783
14788
14789
14794
14800
14804
14811
14813
14820
14823
14825
14832
14839
14844
14848
14848
14849
14855
14856
14864
14873
14878
14882
14884
14886
14890
14895
14896
14899
14901
14902
14903
14903
14904
14907
14908
14908
14910
14918
14922
14929
14934
14935
14937
14940
14940
14942
14948
14952
14953
14955
14964
14966
14976
14989
14991
14998
15002
15003
15014
15015
15019
15019
15020
15020
15022
15028
15029
15039
15040
15040
15041
15045
15046
15047
15052
15052
15055
15063
15069
15069
15077
15081
15085
15091
15095
15101
15103
15104
15110
15113
15115
15115
15120
15122
15127
15129
15130
15132
15136
15144
15150
15150
15151
15153
15154
15154
15154
15155
15158
15162
15165
15170
15172
15176
15179
15181
15181
15182
15192
15193
15194
15198
15207
15207
15208
15210
15214
15215
15218
15220
15221
15223
15224
15225
15227
15228
15230
15238
15242
15247
15250
15252
15253
15256
15264
15274
15278
15281
15282
15283
15289
15290
15290
15294
15301
15304
15305
15306
15308
15313
15315
15316
15318
15320
15324
15326
15329
15334
15336
15341
15341
15342
15348
15353
15354
15361
15364
15367
15368
15374
15375
15376
15379
15383
15384
15385
15385
15386
15387
15398
15402
15409
15411
15413
15413
15418
15428
15429
15429
15438
15439
15443
15447
15450
15450
15453
15454
15457
15458
15463
15464
15472
15476
15477
15478
15480
15483
15485
15488
15491
15493
15495
15497
15497
15498
15504
15509
15514
15517
15524
15525
15531
15534
15537
15542
15545
15546
15546
15556
15563
15568
15574
15575
15576
15582
15582
15588
15588
15589
15595
15601
15603
15608
15608
15608
15611
15611
15616
15617
15618
15619
15621
15624
15629
15630
15632
15632
15634
15636
15639
15642
15654
15664
15672
15673
15674
15674
15680
15683
15685
15690
15691
15691
15692
15696
15697
15698
15699
15699
15713
15714
15719
15720
15726
15732
15733
15734
15738
15741
15747
15748
15748
15759
15759
15759
15762
15769
15771
15771
15772
15775
15780
15784
15791
15792
15797
15799
15799
15802
15803
15805
15810
15815
15815
15826
15827
15828
15828
15828
15830
15848
15851
15856
15858
15868
15872
15874
15874
15890
15893
15894
15899
15899
15910
15910
15915
15917
15924
15924
15925
15932
15932
15934
15940
15942
15950
15952
15953
15954
15959
15961
15965
15967
15968
15969
15974
15975
15976
15977
15979
15982
15982
15985
15991
15998
15998
15999
16004
16004
16005
16005
16009
16012
16017
16019
16019
16033
16034
16037
16038
16041
16041
16041
16045
16047
16049
16050
16056
16062
16071
16074
16079
16079
16081
16081
16082
16084
16086
16090
16092
16096
16099
16115
16116
16116
16122
16125
16132
16133
16138
16142
16153
16157
16159
16161
16164
16170
16171
16172
16181
16190
16192
16192
16200
16200
16201
16202
16203
16204
16206
16215
16222
16223
16223
16225
16227
16228
16228
16230
16233
16234
16245
16245
16245
16245
16247
16249
16250
16259
16262
16263
16264
16268
16269
16273
16282
16282
16285
16285
16286
16291
16293
16298
16298
16299
16304
16309
16311
16312
16318
16319
16325
16330
16334
16339
16342
16346
16350
16352
16352
16358
16359
16364
16368
16370
16383
16383
16385
16393
16395
16398
16400
16404
16405
16408
16415
16416
16418
16420
16421
16422
16423
16429
16434
16435
16438
16440
16443
16444
16445
16447
16449
16450
16453
16455
16455
16456
16456
16460
16462
16464
16470
16473
16474
16477
16478
16479
16480
16481
16484
16500
16501
16502
16503
16504
16505
16506
16508
16514
16518
16525
16525
16529
16532
16540
16540
16540
16548
16549
16559
16574
16577
16580
16582
16588
16589
16591
16592
16594
16605
16606
16614
16618
16622
16625
16632
16632
16636
16638
16648
16663
16663
16667
16693
16702
16706
16709
16713
16713
16714
16721
16726
16736
16737
16741
16742
16745
16754
16756
16757
16763
16769
16769
16774
16786
16788
16795
16796
16800
16812
16812
16815
16815
16824
16826
16828
16834
16834
16839
16842
16848
16864
16866
16868
16869
16873
16874
16879
16902
16906
16908
16911
16917
16920
16922
16929
16929
16930
16932
16933
16936
16938
16939
16942
16943
16945
16950
16953
16963
16964
16965
16965
16966
16969
16973
16976
16981
16988
16996
16997
16999
17001
17003
17005
17005
17006
17007
17010
17012
17017
17025
17034
17034
17035
17039
17039
17048
17052
17055
17067
17068
17069
17075
17076
17077
17077
17080
17082
17089
17089
17092
17102
17108
17111
17116
17117
17118
17121
17125
17127
17129
17129
17130
17131
17131
17135
17136
17139
17145
17148
17148
17149
17154
17155
17156
17159
17161
17162
17168
17169
17178
17192
17193
17194
17194
17195
17201
17202
17204
17205
17206
17206
17207
17207
17211
17212
17214
17218
17222
17225
17234
17236
17239
17241
17243
17251
17253
17253
17253
17260
17272
17286
17286
17288
17289
17297
17304
17314
17314
17319
17321
17327
17327
17328
17331
17333
17334
17334
17335
17338
17338
17339
17354
17354
17361
17361
17362
17376
17384
17389
17389
17393
17393
17396
17397
17405
17406
17407
17409
17413
17420
17424
17424
17425
17425
17430
17434
17436
17438
17444
17446
17446
17450
17451
17462
17466
17467
17472
17473
17476
17480
17489
17490
17490
17494
17499
17501
17502
17504
17508
17519
17523
17525
17527
17538
17542
17544
17548
17548
17550
17552
17553
17568
17573
17575
17577
17580
17580
17583
17584
17585
17591
17592
17592
17594
17595
17595
17598
17601
17606
17607
17608
17610
17610
17619
17620
17622
17623
17634
17634
17635
17637
17657
17658
17660
17665
17666
17670
17675
17676
17690
17701
17703
17704
17710
17716
17728
17729
17733
17734
17739
17742
17744
17745
17747
17747
17748
17748
17751
17753
17755
17757
17761
17762
17763
17763
17764
17768
17778
17779
17780
17782
17783
17783
17789
17799
17804
17805
17811
17826
17834
17841
17842
17844
17851
17855
17858
17860
17861
17864
17865
17878
17879
17881
17882
17885
17887
17888
17888
17902
17903
17908
17910
17911
17918
17923
17927
17934
17935
17942
17942
17944
17944
17947
17950
17956
17959
17961
17961
17966
17969
17969
17971
17979
17980
17993
17996
17999
18003
18005
18007
18007
18007
18010
18012
18014
18018
18022
18030
18033
18036
18037
18053
18053
18053
18053
18059
18059
18061
18061
18069
18070
18072
18073
18076
18077
18077
18077
18088
18089
18097
18097
18100
18102
18103
18105
18108
18108
18114
18114
18117
18123
18126
18127
18127
18127
18129
18132
18132
18138
18144
18144
18144
18162
18164
18166
18169
18172
18174
18179
18189
18199
18200
18208
18208
18213
18213
18217
18220
18224
18224
18230
18232
18232
18236
18238
18241
18244
18247
18252
18253
18256
18258
18275
18288
18288
18289
18294
18295
18300
18304
18304
18305
18305
18305
18306
18306
18307
18307
18310
18315
18316
18323
18327
18328
18330
18333
18334
18339
18343
18347
18350
18352
18353
18355
18355
18357
18359
18359
18364
18381
18391
18391
18391
18392
18395
18399
18413
18413
18416
18417
18419
18420
18421
18424
18427
18429
18430
18431
18434
18435
18439
18440
18441
18442
18443
18443
18444
18444
18445
18448
18450
18452
18456
18458
18467
18473
18477
18478
18479
18481
18492
18493
18493
18494
18497
18498
18507
18509
18522
18524
18527
18527
18529
18534
18535
18537
18538
18547
18553
18556
18560
18562
18565
18565
18567
18571
18571
18573
18573
18574
18575
18586
18586
18587
18595
18598
18599
18602
18608
18610
18610
18618
18621
18622
18622
18627
18630
18630
18631
18633
18635
18640
18643
18645
18646
18648
18651
18655
18660
18662
18662
18668
18669
18670
18671
18672
18672
18675
18686
18690
18692
18694
18706
18708
18711
18719
18721
18726
18731
18732
18732
18740
18749
18749
18755
18756
18764
18769
18769
18772
18773
18786
18793
18794
18800
18808
18809
18812
18825
18829
18829
18836
18842
18844
18846
18854
18857
18858
18862
18862
18864
18866
18873
18881
18882
18884
18892
18894
18894
18897
18898
18900
18902
18904
18906
18908
18911
18916
18922
18925
18928
18933
18940
18942
18943
18944
18945
18946
18946
18947
18949
18950
18959
18965
18965
18970
18972
18979
18981
18990
18993
19007
19011
19013
19015
19016
19020
19023
19025
19039
19042
19043
19044
19046
19047
19052
19060
19060
19062
19063
19064
19067
19073
19073
19074
19075
19079
19090
19101
19111
19113
19114
19114
19118
19135
19143
19144
19150
19151
19154
19163
19168
19174
19175
19175
19177
19179
19188
19190
19191
19193
19194
19206
19207
19212
19214
19215
19217
19219
19220
19221
19226
19226
19227
19231
19239
19244
19248
19252
19252
19253
19264
19268
19271
19271
19273
19273
19276
19278
19278
19279
19280
19286
19288
19290
19290
19291
19292
19293
19295
19295
19296
19305
19318
19319
19323
19325
19329
19332
19334
19334
19340
19343
19349
19351
19352
19352
19353
19354
19359
19359
19363
19368
19371
19380
19383
19385
19388
19389
19390
19393
19394
19395
19398
19398
19403
19409
19412
19420
19420
19421
19422
19425
19429
19438
19443
19446
19448
19451
19452
19457
19458
19458
19458
19463
19465
19472
19473
19480
19482
19482
19483
19486
19487
19489
19490
19494
19507
19509
19513
19515
19515
19517
19519
19524
19530
19532
19532
19533
19534
19540
19546
19547
19549
19556
19556
19558
19559
19559
19562
19565
19567
19575
19578
19589
19591
19602
19602
19604
19604
19606
19607
19608
19609
19614
19615
19619
19622
19630
19631
19632
19633
19643
19646
19647
19650
19664
19665
19666
19667
19668
19670
19672
19673
19675
19675
19677
19687
19689
19693
19694
19696
19697
19706
19713
19715
19729
19730
19734
19735
19735
19739
19743
19753
19753
19759
19768
19771
19773
19779
19779
19785
19786
19788
19797
19799
19800
19814
19816
19819
19820
19821
19826
19828
19830
19836
19838
19843
19847
19860
19861
19863
19866
19867
19867
19873
19873
19873
19875
19879
19881
19891
19894
19895
19896
19899
19909
19909
19913
19917
19922
19923
19926
19931
19931
19940
19942
19943
19954
19958
19958
19963
19968
19969
19972
19974
19977
19981
19982
19984
19985
19985
19989
19991
19992
19998
20004
20004
20007
20010
20011
20013
20019
20020
20023
20025
20029
20030
20030
20031
20037
20038
20038
20046
20058
20060
20062
20062
20064
20065
20066
20067
20068
20068
20073
20079
20085
20091
20097
20101
20101
20103
20105
20112
20113
20117
20117
20124
20125
20130
20132
20133
20135
20139
20143
20143
20145
20150
20151
20154
20158
20162
20170
20171
20171
20180
20183
20186
20190
20197
20199
20202
20203
20204
20205
20211
20217
20220
20240
20242
20243
20247
20257
20259
20262
20264
20274
20277
20277
20278
20280
20288
20288
20295
20296
20298
20306
20308
20317
20322
20325
20325
20327
20327
20329
20332
20332
20333
20338
20341
20342
20345
20346
20357
20357
20359
20366
20368
20368
20369
20370
20372
20373
20377
20378
20379
20382
20383
20386
20389
20389
20390
20395
20400
20403
20408
20408
20409
20416
20424
20425
20427
20430
20432
20433
20434
20434
20434
20437
20438
20440
20442
20443
20447
20449
20450
20450
20453
20457
20461
20463
20467
20467
20471
20477
20479
20484
20485
20486
20491
20493
20495
20497
20498
20498
20501
20502
20503
20504
20504
20504
20505
20505
20509
20516
20518
20522
20532
20535
20546
20546
20552
20553
20559
20564
20567
20567
20568
20570
20577
20578
20578
20578
20582
20585
20585
20586
20587
20588
20598
20598
20600
20605
20609
20614
20615
20616
20617
20617
20619
20620
20621
20622
20623
20633
20633
20642
20653
20666
20672
20675
20686
20687
20698
20700
20705
20708
20708
20715
20715
20718
20722
20723
20726
20729
20735
20739
20741
20741
20742
20743
20745
20750
20750
20759
20762
20767
20770
20784
20787
20790
20793
20795
20801
20806
20810
20815
20818
20824
20826
20826
20830
20835
20843
20845
20847
20853
20859
20862
20862
20863
20865
20873
20874
20874
20875
20880
20884
20885
20889
20893
20894
20896
20898
20900
20907
20923
20924
20926
20927
20928
20928
20929
20931
20934
20934
20939
20940
20944
20953
20959
20968
20969
20969
20971
20975
20978
20982
20984
20984
20985
20985
20986
20987
20989
20990
20992
20996
20996
20996
20997
20998
21001
21003
21004
21007
21008
21009
21012
21012
21014
21016
21023
21026
21026
21030
21035
21037
21037
21037
21046
21052
21055
21057
21057
21059
21060
21063
21068
21069
21071
21072
21073
21075
21076
21081
21082
21083
21088
21089
21089
21089
21091
21091
21094
21094
21097
21097
21102
21109
21114
21115
21118
21125
21132
21133
21136
21137
21147
21147
21151
21162
21163
21166
21169
21171
21172
21181
21182
21183
21183
21185
21188
21188
21196
21207
21216
21220
21223
21230
21236
21245
21251
21251
21251
21252
21261
21272
21272
21291
21293
21295
21296
21299
21302
21305
21307
21314
21314
21325
21330
21330
21331
21341
21342
21345
21348
21353
21356
21362
21364
21366
21366
21366
21372
21374
21379
21380
21380
21387
21390
21396
21397
21398
21406
21408
21408
21409
21414
21414
21420
21422
21422
21424
21427
21428
21433
21435
21437
21437
21439
21449
21450
21456
21458
21462
21463
21466
21468
21468
21472
21476
21478
21491
21496
21497
21501
21511
21515
21515
21516
21520
21520
21522
21528
21529
21529
21531
21531
21532
21532
21536
21537
21537
21542
21542
21550
21552
21556
21573
21575
21575
21576
21585
21591
21600
21619
21619
21620
21621
21623
21624
21624
21626
21640
21648
21657
21657
21661
21665
21668
21669
21679
21684
21690
21694
21698
21699
21699
21705
21706
21711
21711
21713
21727
21728
21729
21737
21738
21742
21743
21748
21750
21751
21753
21753
21758
21765
21767
21772
21772
21777
21790
21799
21800
21801
21801
21804
21806
21815
21819
21822
21832
21839
21852
21856
21858
21878
21879
21891
21892
21896
21899
21900
21902
21902
21907
21913
21914
21915
21919
21923
21928
21929
21932
21932
21935
21938
21946
21948
21954
21955
21956
21962
21967
21967
21968
21968
21969
21970
21970
21980
21981
21984
21985
21990
21995
21997
22005
22006
22006
22007
22007
22008
22009
22011
22012
22018
22019
22023
22026
22026
22029
22033
22036
22041
22041
22041
22042
22044
22045
22045
22049
22052
22055
22057
22059
22059
22064
22066
22067
22072
22075
22077
22082
22083
22087
22087
22092
22108
22108
22111
22112
22120
22121
22121
22135
22136
22136
22148
22148
22148
22153
22153
22156
22158
22163
22164
22168
22174
22175
22179
22182
22189
22197
22199
22207
22209
22214
22216
22217
22221
22222
22224
22229
22230
22235
22238
22240
22243
22247
22250
22253
22257
22260
22260
22268
22269
22275
22284
22284
22289
22290
22295
22296
22298
22299
22299
22302
22307
22317
22317
22318
22318
22324
22327
22328
22330
22331
22333
22333
22334
22337
22337
22339
22339
22341
22342
22342
22349
22351
22355
22355
22363
22364
22367
22375
22378
22379
22383
22385
22391
22396
22396
22404
22412
22430
22436
22442
22442
22443
22448
22448
22454
22463
22467
22469
22471
22473
22474
22479
22498
22502
22505
22506
22508
22513
22514
22514
22514
22514
22526
22527
22527
22527
22528
22536
22536
22536
22539
22552
22554
22556
22558
22565
22571
22571
22573
22574
22577
22577
22580
22584
22585
22589
22591
22593
22598
22599
22607
22607
22609
22617
22619
22621
22623
22629
22633
22635
22639
22651
22657
22660
22662
22664
22667
22670
22674
22677
22680
22683
22686
22689
22690
22690
22691
22692
22699
22707
22714
22715
22717
22717
22720
22724
22728
22729
22731
22732
22735
22736
22737
22739
22740
22745
22746
22747
22747
22752
22756
22762
22763
22764
22767
22769
22772
22779
22789
22790
22790
22793
22795
22797
22799
22799
22801
22805
22806
22811
22823
22831
22831
22836
22837
22837
22840
22841
22843
22844
22850
22851
22851
22852
22855
22855
22855
22856
22861
22862
22862
22863
22867
22869
22870
22874
22875
22880
22890
22893
22896
22906
22906
22911
22914
22914
22920
22922
22924
22925
22934
22935
22936
22942
22943
22943
22951
22951
22958
22966
22966
22969
22971
22971
22978
22980
22984
22988
22990
22991
22993
22993
22995
22997
22997
22998
22999
23000
23005
23008
23015
23018
23019
23023
23024
23032
23040
23044
23051
23051
23057
23057
23061
23062
23062
23064
23072
23078
23078
23078
23079
23087
23097
23104
23105
23105
23106
23109
23110
23113
23113
23114
23117
23121
23127
23128
23130
23131
23135
23135
23138
23139
23139
23142
23144
23148
23150
23150
23151
23155
23156
23159
23159
23165
23170
23170
23171
23174
23175
23175
23176
23178
23181
23190
23193
23204
23204
23205
23217
23217
23226
23228
23232
23238
23239
23250
23252
23252
23254
23254
23254
23256
23258
23258
23259
23259
23267
23271
23272
23279
23280
23283
23285
23286
23287
23290
23295
23297
23299
23303
23305
23308
23308
23308
23309
23310
23310
23313
23320
23320
23322
23324
23326
23330
23343
23344
23347
23359
23361
23364
23365
23365
23369
23377
23378
23381
23392
23393
23397
23400
23410
23411
23418
23420
23424
23429
23430
23431
23432
23434
23440
23440
23443
23449
23453
23457
23462
23463
23464
23465
23466
23467
23469
23475
23480
23482
23485
23492
23494
23498
23501
23505
23513
23514
23516
23523
23527
23528
23531
23531
23535
23537
23540
23550
23550
23551
23552
23565
23576
23578
23579
23579
23581
23587
23590
23590
23596
23596
23605
23619
23620
23626
23631
23636
23642
23656
23657
23663
23664
23666
23666
23671
23672
23672
23682
23682
23692
23700
23705
23709
23709
23711
23712
23715
23719
23722
23724
23730
23731
23742
23745
23747
23748
23754
23756
23770
23780
23786
23789
23797
23798
23798
23798
23800
23803
23806
23807
23814
23817
23818
23820
23822
23822
23825
23827
23830
23833
23839
23843
23845
23849
23850
23855
23856
23862
23865
23865
23872
23879
23880
23881
23881
23883
23885
23887
23889
23890
23891
23903
23908
23911
23912
23913
23918
23918
23920
23921
23923
23926
23930
23930
23930
23935
23936
23940
23943
23945
23946
23952
23953
23955
23964
23968
23968
23970
23976
23978
23983
23984
23994
23995
23996
24007
24012
24012
24013
24020
24032
24035
24039
24048
24049
24051
24052
24053
24053
24059
24061
24061
24067
24068
24069
24070
24073
24074
24074
24076
24080
24080
24082
24090
24090
24090
24092
24097
24106
24109
24120
24120
24122
24123
24125
24125
24133
24134
24139
24141
24148
24152
24153
24154
24159
24169
24175
24177
24180
24181
24183
24192
24196
24202
24203
24206
24210
24212
24213
24214
24215
24216
24220
24222
24222
24224
24233
24237
24240
24241
24248
24252
24254
24259
24259
24262
24266
24272
24276
24276
24276
24286
24286
24296
24299
24302
24302
24304
24306
24313
24325
24326
24329
24332
24334
24337
24343
24352
24352
24353
24353
24354
24356
24357
24358
24362
24369
24378
24378
24380
24382
24382
24384
24396
24404
24405
24407
24410
24411
24417
24417
24419
24420
24437
24438
24441
24442
24443
24443
24446
24452
24454
24454
24456
24465
24470
24473
24473
24477
24478
24483
24485
24486
24492
24496
24497
24498
24498
24499
24502
24503
24508
24516
24518
24520
24522
24523
24524
24527
24534
24535
24539
24543
24543
24547
24547
24548
24552
24552
24556
24558
24560
24565
24567
24571
24574
24575
24578
24578
24581
24587
24590
24595
24597
24598
24604
24606
24611
24614
24614
24617
24623
24625
24628
24630
24632
24641
24644
24644
24646
24654
24654
24654
24655
24672
24672
24681
24687
24690
24693
24694
24696
24699
24707
24709
24712
24721
24722
24724
24726
24727
24727
24732
24733
24734
24734
24736
24740
24742
24743
24748
24750
24754
24755
24758
24759
24762
24762
24764
24766
24769
24775
24776
24778
24782
24784
24791
24796
24804
24805
24805
24823
24825
24826
24831
24834
24836
24840
24842
24843
24843
24846
24854
24854
24855
24863
24864
24864
24865
24877
24879
24880
24881
24881
24883
24885
24886
24891
24897
24898
24899
24903
24904
24906
24910
24912
24914
24915
24915
24921
24924
24930
24931
24932
24933
24936
24936
24937
24944
24947
24954
24957
24962
24963
24964
24975
24976
24976
24987
24988
24990
24998
25003
25004
25004
25010
25012
25017
25019
25024
25027
25027
25037
25037
25038
25049
25049
25049
25051
25052
25052
25053
25058
25058
25059
25061
25065
25066
25069
25069
25073
25074
25074
25081
25082
25084
25085
25085
25086
25088
25096
25099
25104
25106
25112
25121
25122
25123
25124
25129
25139
25139
25139
25142
25144
25145
25149
25156
25159
25166
25166
25167
25169
25170
25173
25174
25178
25185
25192
25196
25197
25197
25199
25206
25210
25214
25218
25230
25233
25240
25242
25242
25252
25253
25258
25259
25261
25262
25267
25267
25270
25273
25275
25279
25282
25283
25289
25292
25293
25293
25296
25296
25298
25299
25307
25307
25311
25315
25321
25322
25324
25325
25329
25336
25342
25346
25349
25350
25353
25362
25364
25367
25368
25373
25376
25380
25380
25382
25383
25384
25389
25397
25399
25406
25411
25411
25415
25416
25424
25424
25426
25431
25438
25439
25440
25443
25444
25447
25450
25468
25469
25470
25471
25472
25484
25485
25486
25488
25489
25491
25491
25493
25506
25510
25511
25526
25528
25532
25536
25537
25539
25541
25545
25550
25552
25555
25557
25560
25562
25567
25567
25575
25581
25583
25585
25586
25586
25587
25588
25589
25594
25598
25603
25605
25605
25606
25606
25611
25613
25617
25618
25619
25623
25625
25630
25632
25633
25635
25642
25643
25643
25645
25646
25648
25649
25651
25651
25652
25654
25656
25656
25662
25663
25666
25667
25673
25676
25676
25681
25682
25683
25687
25692
25693
25693
25698
25702
25705
25720
25721
25722
25723
25723
25726
25730
25732
25736
25739
25740
25743
25744
25745
25747
25751
25751
25755
25759
25760
25763
25763
25764
25765
25769
25769
25772
25776
25777
25778
25782
25782
25783
25785
25786
25793
25794
25802
25808
25812
25814
25822
25822
25828
25831
25834
25836
25836
25851
25851
25854
25856
25857
25860
25866
25872
25878
25884
25886
25886
25887
25889
25893
25896
25899
25906
25909
25914
25919
25919
25920
25927
25928
25928
25929
25929
25931
25936
25942
25945
25947
25952
25956
25957
25961
25963
25966
25968
25968
25971
25978
25980
25981
25988
25989
25990
25994
26001
26004
26006
26010
26021
26027
26028
26029
26035
26035
26037
26042
26045
26046
26056
26056
26059
26065
26070
26073
26075
26076
26077
26083
26091
26093
26096
26100
26101
26101
26104
26107
26108
26111
26118
26119
26124
26127
26127
26129
26134
26137
26138
26141
26151
26152
26154
26159
26162
26165
26166
26168
26172
26177
26182
26185
26186
26188
26192
26205
26208
26215
26215
26216
26223
26228
26230
26230
26231
26233
26235
26239
26241
26250
26250
26251
26251
26251
26256
26259
26260
26262
26266
26267
26269
26272
26273
26275
26280
26282
26285
26286
26292
26297
26301
26305
26307
26309
26310
26315
26328
26334
26336
26338
26339
26342
26343
26352
26354
26356
26358
26366
26369
26374
26376
26380
26381
26381
26384
26388
26394
26394
26399
26401
26401
26406
26408
26409
26416
26422
26422
26428
26434
26438
26438
26439
26442
26443
26443
26447
26448
26451
26454
26454
26457
26458
26459
26462
26467
26469
26472
26474
26475
26476
26484
26487
26488
26489
26490
26493
26497
26499
26501
26502
26502
26505
26512
26515
26515
26520
26531
26533
26534
26540
26543
26545
26545
26546
26549
26549
26554
26558
26559
26565
26566
26567
26570
26571
26575
26577
26578
26578
26582
26584
26596
26597
26604
26605
26610
26613
26617
26617
26619
26620
26624
26628
26628
26628
26631
26631
26640
26642
26643
26645
26652
26654
26657
26658
26663
26671
26676
26676
26678
26679
26680
26683
26686
26695
26695
26696
26698
26698
26703
26704
26705
26710
26712
26714
26721
26733
26747
26752
26755
26763
26768
26769
26770
26770
26774
26776
26777
26778
26780
26781
26784
26784
26786
26788
26801
26803
26808
26810
26812
26813
26814
26815
26816
26818
26819
26821
26823
26832
26833
26840
26849
26851
26860
26862
26865
26868
26873
26874
26888
26889
26893
26893
26895
26902
26907
26909
26912
26914
26918
26920
26926
26928
26929
26933
26933
26935
26936
26942
26942
26946
26948
26956
26958
26967
26974
26975
26983
26988
26997
27003
27013
27015
27023
27027
27029
27030
27036
27047
27050
27050
27052
27057
27060
27065
27067
27071
27075
27076
27077
27078
27080
27086
27089
27090
27090
27093
27094
27100
27107
27111
27113
27114
27118
27123
27124
27131
27139
27140
27153
27155
27159
27159
27162
27164
27169
27170
27170
27176
27178
27179
27179
27185
27185
27186
27189
27190
27194
27195
27198
27201
27203
27210
27216
27220
27228
27228
27230
27233
27234
27235
27235
27238
27251
27252
27255
27260
27260
27262
27266
27267
27270
27272
27273
27280
27284
27284
27285
27286
27288
27288
27288
27305
27307
27311
27311
27317
27321
27321
27326
27332
27333
27335
27338
27339
27340
27342
27344
27344
27345
27354
27362
27366
27368
27370
27372
27374
27374
27377
27379
27383
27385
27386
27389
27390
27391
27394
27395
27396
27400
27424
27424
27430
27432
27432
27443
27453
27456
27459
27461
27463
27464
27465
27466
27468
27471
27473
27481
27481
27482
27483
27484
27486
27490
27490
27490
27490
27493
27500
27501
27502
27510
27514
27514
27522
27522
27526
27532
27533
27535
27537
27537
27553
27557
27560
27562
27568
27572
27575
27582
27584
27584
27586
27586
27589
27602
27606
27608
27616
27617
27617
27618
27619
27623
27627
27628
27628
27628
27630
27630
27633
27640
27641
27645
27657
27662
27665
27666
27668
27670
27675
27677
27684
27688
27690
27690
27694
27694
27696
27698
27706
27708
27725
27728
27731
27742
27745
27746
27748
27750
27751
27756
27760
27763
27773
27773
27774
27776
27782
27783
27787
27790
27790
27793
27798
27807
27811
27813
27814
27818
27820
27823
27834
27834
27838
27840
27845
27846
27846
27853
27855
27861
27862
27868
27868
27869
27874
27874
27875
27877
27879
27882
27891
27893
27898
27898
27904
27905
27906
27907
27909
27911
27912
27912
27913
27915
27917
27919
27921
27931
27937
27938
27944
27947
27957
27969
27969
27973
27977
27981
27982
27988
27989
27993
27997
28003
28011
28015
28022
28025
28025
28029
28029
28030
28032
28038
28039
28039
28043
28052
28058
28064
28070
28070
28082
28089
28089
28093
28094
28097
28100
28112
28115
28116
28124
28125
28126
28127
28133
28134
28135
28138
28140
28140
28148
28149
28158
28165
28177
28181
28182
28184
28185
28185
28187
28190
28194
28198
28199
28202
28222
28227
28228
28231
28232
28235
28239
28240
28248
28250
28252
28254
28257
28258
28260
28270
28270
28270
28272
28274
28277
28283
28283
28284
28287
28293
28294
28300
28302
28302
28314
28330
28331
28334
28340
28340
28343
28344
28346
28349
28351
28353
28363
28372
28375
28376
28377
28390
28397
28397
28399
28400
28403
28404
28415
28421
28427
28431
28435
28435
28441
28442
28443
28444
28449
28452
28452
28456
28457
28457
28457
28459
28467
28469
28475
28479
28482
28486
28486
28493
28496
28509
28510
28517
28523
28529
28539
28540
28547
28548
28557
28559
28563
28568
28579
28585
28587
28588
28594
28595
28596
28610
28610
28615
28617
28623
28623
28626
28631
28631
28635
28637
28638
28639
28639
28645
28646
28659
28662
28664
28668
28668
28669
28670
28670
28671
28671
28674
28676
28677
28680
28682
28690
28692
28693
28698
28699
28701
28701
28704
28705
28707
28714
28722
28722
28727
28729
28743
28745
28754
28754
28756
28759
28763
28766
28773
28775
28775
28775
28776
28776
28781
28786
28787
28787
28789
28793
28796
28813
28816
28819
28821
28823
28827
28829
28831
28842
28846
28848
28848
28855
28857
28868
28871
28872
28875
28876
28877
28878
28879
28880
28883
28888
28890
28891
28895
28896
28899
28900
28901
28905
28905
28907
28907
28908
28912
28914
28924
28927
28928
28929
28932
28932
28933
28937
28939
28939
28940
28941
28942
28943
28944
28948
28950
28955
28955
28956
28957
28957
28957
28959
28959
28961
28968
28972
28973
28976
28982
28982
28989
28994
28997
29005
29014
29016
29017
29018
29027
29027
29030
29043
29049
29066
29069
29072
29073
29076
29077
29081
29085
29087
29087
29089
29090
29092
29098
29100
29107
29107
29108
29108
29108
29108
29109
29115
29118
29119
29121
29123
29124
29126
29128
29128
29128
29130
29132
29137
29139
29142
29142
29149
29156
29158
29165
29172
29172
29172
29176
29180
29181
29183
29194
29196
29198
29199
29199
29200
29202
29204
29205
29207
29209
29215
29216
29220
29220
29226
29227
29228
29228
29232
29253
29253
29254
29258
29269
29270
29272
29272
29273
29281
29286
29291
29291
29296
29298
29299
29299
29303
29313
29313
29315
29315
29325
29327
29327
29330
29335
29344
29347
29357
29361
29366
29366
29371
29371
29373
29373
29376
29380
29381
29384
29386
29387
29394
29395
29402
29407
29412
29413
29418
29422
29423
29425
29433
29434
29436
29446
29448
29450
29455
29461
29463
29464
29467
29474
29475
29488
29491
29492
29506
29507
29510
29516
29518
29523
29524
29531
29531
29538
29539
29542
29545
29547
29549
29558
29564
29567
29569
29574
29581
29583
29590
29591
29594
29594
29595
29601
29603
29613
29613
29626
29626
29626
29627
29629
29634
29641
29641
29645
29646
29646
29647
29648
29648
29657
29659
29660
29661
29661
29662
29663
29663
29665
29665
29669
29674
29674
29675
29675
29676
29680
29681
29683
29685
29688
29688
29689
29691
29701
29704
29708
29709
29719
29719
29720
29721
29724
29727
29733
29734
29739
29751
29753
29764
29765
29765
29771
29772
29780
29780
29788
29788
29788
29791
29795
29803
29814
29822
29834
29836
29841
29842
29843
29846
29849
29849
29851
29852
29856
29858
29860
29860
29861
29861
29870
29877
29878
29883
29884
29885
29886
29887
29889
29898
29898
29901
29905
29906
29916
29916
29921
29922
29926
29927
29931
29936
29943
29945
29950
29950
29951
29959
29961
29964
29971
29979
29986
29987
29987
29990
29990
29997
29997
29999
29999
30000
30002
30006
30007
30008
30009
30013
30016
30017
30020
30021
30023
30029
30030
30035
30036
30039
30045
30050
30054
30056
30056
30068
30073
30078
30082
30085
30091
30092
30092
30096
30097
30099
30099
30104
30104
30106
30110
30116
30117
30118
30121
30132
30140
30143
30146
30154
30156
30159
30163
30171
30184
30186
30186
30187
30189
30190
30195
30197
30202
30204
30211
30230
30234
30239
30245
30250
30253
30253
30253
30257
30260
30264
30264
30266
30269
30270
30270
30273
30278
30280
30281
30284
30290
30293
30294
30294
30295
30298
30299
30303
30311
30317
30329
30336
30337
30341
30344
30346
30349
30350
30353
30358
30360
30360
30360
30369
30373
30374
30376
30377
30378
30378
30379
30379
30381
30391
30391
30391
30405
30408
30412
30417
30418
30419
30422
30423
30426
30428
30433
30437
30439
30442
30443
30443
30446
30447
30449
30451
30453
30463
30464
30464
30464
30465
30467
30468
30469
30471
30472
30480
30487
30493
30504
30504
30511
30517
30518
30519
30521
30521
30524
30525
30528
30529
30533
30539
30541
30543
30545
30545
30552
30553
30558
30562
30565
30567
30572
30574
30575
30576
30582
30582
30584
30590
30592
30594
30598
30601
30607
30608
30610
30610
30611
30612
30612
30615
30620
30623
30629
30629
30632
30632
30635
30635
30637
30638
30644
30648
30649
30656
30656
30659
30663
30664
30671
30671
30673
30674
30674
30675
30676
30678
30678
30682
30684
30688
30689
30691
30696
30699
30704
30709
30714
30719
30722
30723
30724
30724
30726
30726
30736
30737
30739
30741
30742
30748
30751
30752
30754
30756
30767
30769
30770
30772
30772
30772
30773
30777
30779
30784
30794
30796
30801
30808
30816
30816
30817
30819
30819
30821
30822
30823
30825
30826
30828
30840
30846
30848
30849
30849
30855
30856
30857
30857
30867
30871
30874
30881
30883
30883
30885
30888
30891
30891
30895
30896
30898
30901
30905
30907
30909
30915
30921
30922
30923
30924
30933
30935
30938
30940
30941
30943
30944
30945
30945
30950
30950
30952
30954
30960
30961
30965
30966
30972
30976
30977
30986
30987
30989
30994
30994
30995
30998
30999
31007
31007
31008
31012
31013
31014
31022
31024
31027
31029
31032
31034
31034
31037
31041
31043
31048
31048
31062
31064
31070
31070
31077
31082
31083
31083
31087
31089
31107
31115
31116
31117
31117
31127
31130
31131
31132
31132
31136
31142
31144
31149
31152
31157
31158
31165
31177
31180
31184
31184
31191
31191
31203
31205
31207
31208
31208
31214
31215
31218
31223
31224
31237
31238
31242
31243
31244
31247
31248
31250
31258
31260
31261
31262
31268
31270
31270
31270
31271
31271
31273
31274
31282
31287
31288
31289
31292
31293
31302
31306
31318
31319
31319
31326
31326
31329
31333
31336
31338
31342
31347
31351
31353
31356
31369
31372
31372
31373
31373
31380
31381
31381
31381
31385
31386
31386
31390
31393
31395
31398
31400
31401
31404
31409
31409
31410
31413
31418
31420
31423
31425
31427
31428
31430
31436
31438
31449
31450
31451
31454
31454
31454
31454
31457
31460
31469
31469
31470
31471
31483
31489
31493
31494
31498
31511
31518
31522
31532
31533
31534
31537
31553
31555
31555
31557
31557
31558
31570
31570
31575
31575
31578
31580
31581
31582
31590
31591
31593
31594
31597
31600
31601
31602
31602
31605
31609
31618
31620
31622
31622
31625
31626
31630
31634
31636
31637
31641
31641
31641
31645
31645
31645
31645
31646
31650
31650
31653
31658
31664
31665
31667
31668
31671
31676
31676
31676
31678
31680
31686
31688
31691
31694
31697
31698
31702
31703
31703
31705
31706
31707
31708
31714
31716
31717
31721
31722
31724
31726
31729
31735
31737
31740
31740
31741
31741
31742
31742
31743
31749
31749
31751
31754
31759
31761
31763
31774
31776
31778
31779
31781
31783
31783
31790
31792
31795
31798
31801
31810
31812
31814
31817
31823
31824
31830
31835
31843
31849
31849
31849
31852
31862
31864
31865
31874
31878
31880
31882
31883
31886
31892
31894
31895
31897
31900
31902
31905
31909
31911
31916
31920
31921
31929
31938
31939
31940
31940
31946
31959
31961
31965
31966
31970
31984
31987
31991
31997
31998
31999
32000
32003
32005
32006
32021
32021
32025
32026
32026
32028
32028
32034
32040
32040
32041
32046
32047
32049
32055
32057
32063
32065
32065
32065
32066
32068
32072
32075
32080
32081
32086
32089
32089
32090
32091
32092
32097
32097
32098
32100
32103
32103
32118
32118
32120
32120
32122
32125
32131
32133
32133
32137
32144
32146
32152
32153
32154
32154
32157
32172
32172
32174
32177
32182
32182
32182
32194
32200
32201
32206
32207
32214
32214
32216
32217
32227
32228
32230
32240
32241
32242
32246
32250
32251
32258
32260
32260
32262
32265
32267
32274
32278
32285
32292
32295
32299
32307
32312
32312
32315
32321
32321
32323
32325
32327
32332
32336
32337
32338
32338
32349
32351
32356
32358
32359
32360
32365
32369
32373
32374
32377
32384
32386
32386
32388
32393
32393
32394
32396
32405
32410
32413
32413
32414
32415
32416
32420
32422
32424
32425
32429
32429
32430
32430
32442
32443
32444
32447
32466
32467
32468
32474
32476
32476
32481
32485
32488
32489
32493
32494
32495
32498
32506
32508
32509
32514
32514
32520
32523
32523
32525
32527
32529
32534
32536
32544
32550
32554
32558
32560
32562
32563
32565
32566
32567
32567
32584
32589
32592
32603
32605
32607
32608
32612
32617
32623
32638
32638
32640
32643
32644
32645
32648
32649
32656
32659
32660
32661
32662
32663
32665
32666
32669
32671
32676
32677
32677
32677
32682
32691
32694
32704
32707
32711
32714
32719
32722
32730
32732
32736
32736
32738
32738
32741
32742
32743
32746
32747
32747
32748
32748
32753
32753
32764
